County,fmr25_0,fmr25_1,fmr25_2,fmr25_3,fmr25_4,fmr24_0,fmr24_1,fmr24_2,fmr24_3,fmr24_4,fmr23_0,fmr23_1,fmr23_2,fmr23_3,fmr23_4,fmr22_0,fmr22_1,fmr22_2,fmr22_3,fmr22_4,fmr21_0,fmr21_1,fmr21_2,fmr21_3,fmr21_4,fmr20_0,fmr20_1,fmr20_2,fmr20_3,fmr20_4,fmr19_0,fmr19_1,fmr19_2,fmr19_3,fmr19_4,fmr18_0,fmr18_1,fmr18_2,fmr18_3,fmr18_4,fmr17_0,fmr17_1,fmr17_2,fmr17_3,fmr17_4,fmr16_0,fmr16_1,fmr16_2,fmr16_3,fmr16_4,fmr15_0,fmr15_1,fmr15_2,fmr15_3,fmr15_4,fmr14_0,fmr14_1,fmr14_2,fmr14_3,fmr14_4,fmr13_0,fmr13_1,fmr13_2,fmr13_3,fmr13_4,fmr12_0,fmr12_1,fmr12_2,fmr12_3,fmr12_4,fmr11_0,fmr11_1,fmr11_2,fmr11_3,fmr11_4,fmr10_0,fmr10_1,fmr10_2,fmr10_3,fmr10_4,fmr09_0,fmr09_1,fmr09_2,fmr09_3,fmr09_4,fmr08_0,fmr08_1,fmr08_2,fmr08_3,fmr08_4,fmr07_0,fmr07_1,fmr07_2,fmr07_3,fmr07_4,fmr06_0,fmr06_1,fmr06_2,fmr06_3,fmr06_4,fmr05_0,fmr05_1,fmr05_2,fmr05_3,fmr05_4,fmr04_0,fmr04_1,fmr04_2,fmr04_3,fmr04_4,fmr03_0,fmr03_1,fmr03_2,fmr03_3,fmr03_4,fmr02_0,fmr02_1,fmr02_2,fmr02_3,fmr02_4,fmr01_0,fmr01_1,fmr01_2,fmr01_3,fmr01_4,fmr00_0,fmr00_1,fmr00_2,fmr00_3,fmr00_4,fmr99_0,fmr99_2,fmr99_3,fmr99_4,fmr98_0,fmr98_1,fmr98_2,fmr98_3,fmr98_4,fmr97_0,fmr97_1,fmr97_2,fmr97_3,fmr97_4,fmr96_0,fmr96_1,fmr96_2,fmr96_3,fmr96_4,fmr95_0,fmr95_1,fmr95_2,fmr95_3,fmr95_4,fmr94_0,fmr94_1,fmr94_2,fmr94_3,fmr93_0,fmr93_1,fmr93_2,fmr93_3,fmr93_4,fmr92_0,fmr92_1,fmr92_2,fmr92_3,fmr92_4,fmr91_0,fmr91_1,fmr91_2,fmr91_3,fmr91_4,fmr90_0,fmr90_1,fmr90_2,fmr90_3,fmr90_4,fmr89_0,fmr89_1,fmr89_2,fmr89_3,fmr89_4,fmr88_0,fmr88_1,fmr88_2,fmr88_3,fmr88_4,fmr87_0,fmr87_1,fmr87_2,fmr87_3,fmr87_4,fmr86_0,fmr86_1,fmr86_2,fmr86_3,fmr86_4,fmr85_0,fmr85_1,fmr85_2,fmr85_3,fmr85_4,fmr83_0,fmr83_1,fmr83_2,fmr83_3,fmr83_4
Alamance ,869,1099,1217,1532,1806,828,1043,1215,1523,1713,714,837,1023,1285,1390,619,698,891,1126,1208,636,682,885,1126,1201,601,659,847,1100,1248,561,637,812,1071,1238,587,601,754,1029,1142,652,668,838,1143,1238,635,642,809,1101,1208,548,551,695,903,929,539,542,684,889,914,553,557,702,913,938,594,614,716,972,1002,627,649,756,1027,1058,635,657,766,1040,1072,615,637,742,1008,1038,599,619,722,980,1010,580,601,700,951,979,558,577,673,914,942,501,558,627,834,902,438,500,595,821,834,437,498,593,818,831,426,486,578,797,811,414,472,562,775,788,407,464,553,762,775,405,550,758,771,397,452,539,743,756,368,419,500,689,700,357,407,485,669,680,346,394,470,648,658,341,387,462,637,347,421,497,621,697,338,410,484,605,679,327,397,468,585,657,319,387,456,570,640,312,379,446,558,626,308,374,440,550,617,246,299,351,439,492,240,292,343,429,481,239,290,337,418,463,230,279,325,405,449
Alexander ,818,851,1046,1334,1567,806,834,1014,1314,1506,646,650,791,1033,1179,589,592,724,943,1085,557,560,693,899,1029,569,573,712,918,1035,546,549,679,873,992,553,556,683,877,1009,562,565,680,872,1023,548,553,665,852,1015,511,533,632,827,1028,515,537,637,833,1037,493,514,610,798,993,491,516,593,761,886,517,543,624,801,932,524,551,633,812,946,508,534,614,788,917,495,520,598,767,893,457,480,552,708,825,440,462,531,681,793,427,449,516,662,771,418,455,529,667,790,417,454,527,665,787,406,442,513,648,768,395,430,499,630,746,388,423,491,619,734,386,488,615,730,379,413,479,603,716,369,402,467,587,698,358,390,453,570,678,347,378,439,552,656,357,388,451,566,305,369,437,547,615,255,309,365,457,514,247,299,353,442,497,241,292,344,431,484,236,286,337,422,474,233,282,333,416,467,227,275,324,405,454,222,269,317,396,444,214,259,304,379,415,206,249,293,367,402
Alleghany ,717,722,947,1141,1424,651,655,861,1041,1461,589,593,780,949,1329,557,561,738,912,1250,522,526,693,862,1180,506,509,671,846,1054,510,513,679,940,1026,510,514,683,933,936,509,512,642,882,885,534,538,648,885,888,511,533,632,905,908,515,537,637,912,915,493,514,610,874,877,434,510,584,766,790,443,520,596,782,806,437,513,588,771,795,429,504,577,757,780,413,485,555,728,750,386,453,519,681,702,374,439,503,660,680,334,392,449,589,607,312,365,436,562,665,312,365,436,562,665,303,354,424,546,647,295,345,413,532,630,292,342,409,527,624,292,409,527,624,288,338,404,520,616,282,331,396,509,603,279,327,391,503,596,265,322,376,469,587,227,274,321,401,258,311,365,457,501,252,304,357,447,490,244,294,345,432,474,238,287,336,421,462,233,281,329,412,452,230,277,325,406,446,224,270,316,395,434,219,264,309,386,424,219,264,309,386,422,210,254,298,373,409
Anson ,834,927,1216,1465,1728,751,843,1108,1340,1535,645,732,964,1173,1295,535,612,805,995,1211,534,537,693,883,1111,573,577,671,904,1178,578,593,679,938,1193,578,585,683,951,1203,530,556,642,897,1131,534,560,648,908,1131,484,533,632,925,1119,487,537,637,932,1128,467,514,610,893,1080,486,522,584,821,867,496,533,596,838,884,489,526,588,827,873,480,516,577,811,856,462,496,555,780,824,432,464,519,730,770,418,450,503,707,746,361,388,434,610,644,312,359,436,562,637,312,359,436,562,637,303,349,424,546,620,295,340,413,532,604,292,337,409,527,598,292,409,527,598,288,333,404,520,590,282,326,396,509,578,279,322,391,503,571,195,316,356,481,498,200,326,366,494,260,312,365,458,511,254,305,357,448,499,246,295,345,433,483,240,288,336,422,471,235,282,329,413,461,232,278,325,407,455,226,271,316,396,443,221,265,309,387,433,221,265,309,386,423,212,255,298,373,410
Ashe ,713,717,930,1228,1233,674,678,856,1089,1224,619,623,771,938,1220,569,573,724,901,1208,531,535,693,963,1200,506,509,671,968,1178,510,513,679,982,1193,510,514,683,993,1203,480,483,642,935,1018,477,484,648,910,961,441,482,632,787,845,444,486,637,793,851,425,465,610,760,815,484,485,584,772,913,493,495,596,788,932,487,489,588,777,919,478,479,577,763,902,460,461,555,734,867,430,431,519,686,811,416,418,503,665,786,347,348,419,554,655,312,359,436,562,637,312,359,436,562,637,303,349,424,546,620,295,340,413,532,604,292,337,409,527,598,292,409,527,598,288,333,404,520,590,282,326,396,509,578,279,322,391,503,571,180,294,330,446,478,162,263,295,399,258,311,365,457,501,252,304,357,447,490,244,294,345,432,474,238,287,336,421,462,233,281,329,412,452,230,277,325,406,446,224,270,316,395,434,219,264,309,386,424,219,264,309,386,422,210,254,298,373,409
Avery ,798,803,1054,1270,1584,776,781,1026,1241,1366,706,711,936,1139,1257,645,649,854,1056,1158,595,599,789,1000,1265,562,566,741,945,1179,571,575,760,969,1209,595,598,768,974,1215,556,560,744,959,1173,587,591,713,965,1122,520,524,709,1045,1048,516,520,703,1036,1039,517,520,704,1037,1041,464,574,678,811,957,451,558,659,788,931,458,565,668,799,943,443,547,647,774,914,432,533,630,753,890,401,495,585,700,826,385,475,562,672,794,374,462,546,653,771,347,392,477,598,667,347,392,477,598,667,338,381,463,581,649,329,371,451,566,632,326,367,447,560,626,326,447,560,626,322,362,441,553,618,315,354,432,541,605,311,350,427,535,598,307,345,421,527,589,262,294,359,449,267,323,380,474,520,261,316,371,463,508,253,306,359,448,491,247,298,350,437,479,242,292,343,428,469,239,288,338,422,463,224,270,316,395,434,219,264,309,386,424,219,264,309,386,422,210,254,298,373,409
Beaufort ,759,763,930,1245,1562,668,672,856,1166,1453,623,627,777,1077,1324,571,575,724,997,1100,579,582,693,954,958,547,550,671,906,909,566,570,679,918,921,557,560,683,927,930,530,531,642,928,931,501,504,648,926,982,489,492,632,931,1050,493,496,637,939,1059,472,475,610,899,1014,397,518,610,734,755,388,506,596,718,738,383,499,588,708,728,376,490,577,695,714,361,471,555,668,687,338,441,519,625,643,327,427,503,606,623,306,399,470,566,582,312,359,436,562,637,312,359,436,562,637,303,349,424,546,620,295,340,413,532,604,292,337,409,527,598,292,409,527,598,288,333,404,520,590,282,326,396,509,578,279,322,391,503,571,255,309,364,466,510,254,309,363,465,286,348,410,511,573,279,340,401,499,560,270,329,388,483,542,263,321,378,471,528,258,314,370,461,517,255,310,365,455,510,248,302,355,443,496,242,295,347,433,485,235,281,327,407,449,226,271,316,394,435
Bertie,797,802,1052,1267,1464,683,688,904,1093,1336,582,586,771,943,1214,547,550,724,925,1120,530,533,693,883,986,573,589,671,851,957,578,593,679,855,1030,578,595,683,856,1090,530,556,642,818,907,481,484,648,842,888,464,467,632,837,845,468,471,637,844,851,451,455,615,814,822,400,507,584,699,721,408,518,596,713,735,403,511,588,704,726,395,501,577,691,712,380,482,555,664,685,356,451,519,621,640,345,437,503,602,621,313,397,457,547,564,312,359,436,562,637,312,359,436,562,637,303,349,424,546,620,295,340,413,532,604,292,337,409,527,598,292,409,527,598,288,333,404,520,590,282,326,396,509,578,279,322,391,503,571,185,248,289,362,412,189,254,295,369,286,348,410,511,573,279,340,401,499,560,270,329,388,483,542,263,321,378,471,528,258,314,370,461,517,255,310,365,455,510,248,302,355,443,496,242,295,347,433,485,203,247,287,359,394,195,237,276,347,381
Bladen ,704,709,930,1244,1341,687,691,856,1137,1313,617,621,771,1034,1223,547,550,724,997,1136,522,526,693,968,986,506,509,671,906,909,510,513,679,914,918,510,514,683,891,930,480,483,642,806,885,481,484,648,804,888,464,467,632,787,845,468,471,637,793,851,448,451,610,760,815,384,466,591,861,930,387,470,596,868,938,382,464,588,857,926,375,455,577,841,908,361,438,555,809,874,337,409,519,756,817,327,397,503,733,792,256,311,394,574,620,312,359,436,562,637,312,359,436,562,637,303,349,424,546,620,295,340,413,532,604,292,337,409,527,598,292,409,527,598,288,333,404,520,590,282,326,396,509,578,279,322,391,503,571,229,276,310,388,435,218,263,295,369,275,337,396,496,555,269,329,387,485,542,260,318,374,469,524,254,310,365,457,511,249,304,357,447,500,246,300,352,441,493,240,292,343,429,480,235,285,335,419,469,243,293,340,418,464,233,282,328,405,451
Brunswick ,1057,1158,1282,1796,2153,951,1008,1132,1595,1921,820,844,953,1354,1623,786,813,926,1315,1585,698,720,841,1171,1456,664,700,845,1146,1405,702,736,852,1130,1304,729,747,866,1118,1232,729,765,883,1130,1258,671,675,825,1052,1232,639,685,847,1117,1274,617,661,818,1078,1230,615,660,816,1076,1227,605,668,807,1131,1163,602,664,802,1124,1156,610,673,813,1139,1172,590,652,787,1103,1134,575,635,767,1075,1105,533,589,711,996,1025,512,566,683,957,984,496,553,673,951,979,486,532,651,891,1063,484,530,649,888,1060,471,517,633,866,1033,458,502,615,842,1004,450,494,605,828,987,447,602,823,981,438,482,590,807,962,380,418,512,700,835,369,406,497,680,811,357,393,481,658,785,362,400,488,669,259,315,371,466,521,253,308,363,455,509,245,298,351,440,492,239,291,342,429,480,234,285,335,420,470,231,281,331,414,464,225,274,322,403,451,220,268,315,394,441,227,275,320,398,442,218,265,309,385,428
Buncombe ,1286,1347,1512,1944,2566,1428,1496,1680,2160,2851,1270,1298,1466,1949,2497,1188,1209,1378,1879,2359,1096,1099,1279,1751,2213,821,826,992,1357,1742,794,799,993,1356,1744,655,660,829,1120,1460,709,713,891,1194,1553,588,664,819,1073,1360,510,723,857,1100,1426,428,606,719,922,1197,462,655,777,997,1293,528,617,704,943,1236,504,589,672,900,1180,521,608,694,930,1219,518,604,690,925,1212,521,609,695,931,1220,465,543,620,831,1089,447,522,596,799,1047,460,537,600,816,1054,369,446,582,758,819,368,445,580,756,816,359,434,566,738,795,349,422,550,717,773,343,415,541,705,760,341,538,701,756,300,363,473,616,665,292,354,461,600,648,284,344,448,583,629,269,333,434,564,609,277,342,445,579,287,349,412,512,575,279,340,401,499,560,270,329,388,483,542,263,321,378,471,528,258,314,370,461,517,255,310,365,455,510,248,302,355,443,496,242,295,347,433,485,210,255,303,371,415,202,245,292,359,402
Burke ,818,851,1046,1334,1567,806,834,1014,1314,1506,646,650,791,1033,1179,589,592,724,943,1085,557,560,693,899,1029,569,573,712,918,1035,546,549,679,873,992,553,556,683,877,1009,562,565,680,872,1023,548,553,665,852,1015,511,533,632,827,1028,515,537,637,833,1037,493,514,610,798,993,491,516,593,761,886,517,543,624,801,932,524,551,633,812,946,508,534,614,788,917,495,520,598,767,893,457,480,552,708,825,440,462,531,681,793,427,449,516,662,771,418,455,529,667,790,417,454,527,665,787,406,442,513,648,768,395,430,499,630,746,388,423,491,619,734,386,488,615,730,379,413,479,603,716,369,402,467,587,698,358,390,453,570,678,347,378,439,552,656,357,388,451,566,305,369,437,547,615,255,309,365,457,514,247,299,353,442,497,241,292,344,431,484,236,286,337,422,474,233,282,333,416,467,227,275,324,405,454,222,269,317,396,444,214,259,304,379,415,206,249,293,367,402
Cabarrus ,1586,1647,1824,2250,2852,1347,1384,1554,1936,2481,1154,1180,1333,1691,2183,996,1014,1155,1497,1942,987,1010,1151,1518,1956,907,934,1063,1423,1828,875,897,1028,1388,1779,777,838,967,1310,1681,703,784,907,1230,1560,653,745,864,1173,1469,636,701,831,1120,1389,622,686,813,1096,1359,607,669,793,1069,1326,657,713,791,997,1160,681,738,819,1032,1201,670,726,806,1016,1182,629,682,757,954,1110,615,667,740,932,1085,588,637,707,891,1036,565,613,680,857,997,597,647,719,913,1000,549,619,697,920,1101,547,617,695,917,1097,534,602,678,894,1070,519,585,659,869,1040,510,575,648,854,1023,434,551,726,870,426,480,540,712,853,415,468,526,694,831,403,454,511,674,807,390,440,495,653,781,400,452,508,670,319,385,453,566,633,311,375,441,551,616,301,363,427,533,596,294,354,416,519,581,288,347,407,508,568,284,342,401,501,560,276,333,390,487,545,270,326,381,476,533,270,326,377,467,515,260,315,365,454,502
Caldwell ,818,851,1046,1334,1567,806,834,1014,1314,1506,646,650,791,1033,1179,589,592,724,943,1085,557,560,693,899,1029,569,573,712,918,1035,546,549,679,873,992,553,556,683,877,1009,562,565,680,872,1023,548,553,665,852,1015,511,533,632,827,1028,515,537,637,833,1037,493,514,610,798,993,491,516,593,761,886,517,543,624,801,932,524,551,633,812,946,508,534,614,788,917,495,520,598,767,893,457,480,552,708,825,440,462,531,681,793,427,449,516,662,771,418,455,529,667,790,417,454,527,665,787,406,442,513,648,768,395,430,499,630,746,388,423,491,619,734,386,488,615,730,379,413,479,603,716,369,402,467,587,698,358,390,453,570,678,347,378,439,552,656,357,388,451,566,280,338,399,502,559,252,305,360,452,504,244,295,348,437,487,238,288,339,426,475,233,282,332,417,465,230,278,328,411,459,224,271,319,400,447,219,265,312,391,437,219,264,309,386,422,210,254,298,373,409
Camden ,982,990,1129,1582,1896,787,789,913,1287,1549,704,718,884,1196,1440,782,797,982,1328,1600,868,873,1091,1357,1479,859,865,1073,1342,1454,872,877,1082,1415,1520,844,849,1043,1403,1607,819,824,1013,1330,1785,665,669,819,1055,1430,643,647,808,1006,1216,642,646,807,1005,1215,675,680,849,1057,1278,545,711,839,1133,1161,434,566,668,902,925,440,573,677,914,937,426,556,656,886,908,415,541,639,863,884,385,502,593,801,821,371,483,570,770,789,360,469,554,752,772,312,398,531,663,744,312,398,531,663,744,303,387,515,644,723,295,377,502,628,705,292,373,497,622,698,292,497,622,698,288,368,491,614,689,282,360,481,601,675,279,356,475,594,667,258,351,468,585,657,265,361,482,602,275,331,387,480,536,269,323,378,469,524,260,313,366,454,507,254,305,357,443,494,249,299,349,434,483,246,295,344,428,476,240,287,335,416,463,235,281,327,407,453,235,281,327,407,449,226,271,316,394,435
Carteret ,923,929,1219,1584,2002,820,826,1085,1454,1812,757,762,1003,1365,1708,692,696,916,1264,1568,638,642,846,1153,1465,624,628,827,1101,1452,664,668,869,1156,1526,681,685,857,1147,1509,659,663,819,1110,1443,665,669,818,1091,1419,662,691,819,1171,1451,558,583,691,988,1224,577,602,714,1021,1265,566,567,681,992,1194,536,537,645,939,1131,543,544,654,952,1147,527,527,634,923,1112,514,514,618,900,1084,478,478,575,837,1009,460,460,553,805,970,446,447,537,782,942,352,387,471,655,729,352,387,471,655,729,343,376,458,636,708,334,366,446,620,690,331,362,442,614,683,331,442,614,683,327,357,436,606,674,320,350,427,593,660,316,346,422,586,652,311,341,416,578,643,317,347,423,588,267,326,384,483,541,261,319,375,472,529,253,309,363,457,512,247,301,354,445,499,242,295,347,435,488,239,291,342,429,481,233,283,333,417,468,228,277,326,408,457,205,250,290,360,398,197,240,279,348,385
Caswell ,780,826,930,1270,1398,713,759,856,1206,1305,635,676,771,1080,1131,589,635,724,996,1036,589,608,693,910,996,573,589,671,890,985,547,551,679,923,1094,553,556,683,946,1193,519,522,642,926,1131,481,484,648,944,1131,464,467,632,904,979,468,471,637,911,987,448,451,610,873,945,477,478,584,714,745,491,492,602,736,768,499,500,611,747,780,483,484,592,723,755,471,472,577,705,736,437,438,536,655,684,420,421,515,629,657,408,409,500,611,638,312,359,436,562,637,312,359,436,562,637,303,349,424,546,620,295,340,413,532,604,292,337,409,527,598,292,409,527,598,288,333,404,520,590,282,326,396,509,578,279,322,391,503,571,170,234,312,389,437,176,241,321,401,259,314,370,465,520,253,307,362,454,508,245,297,350,439,491,239,290,341,428,479,234,284,334,419,469,231,280,330,413,463,225,273,321,402,450,220,267,314,393,440,252,304,354,433,481,242,293,342,420,467
Catawba ,818,851,1046,1334,1567,806,834,1014,1314,1506,646,650,791,1033,1179,589,592,724,943,1085,557,560,693,899,1029,569,573,712,918,1035,546,549,679,873,992,553,556,683,877,1009,562,565,680,872,1023,548,553,665,852,1015,511,533,632,827,1028,515,537,637,833,1037,493,514,610,798,993,491,516,593,761,886,517,543,624,801,932,524,551,633,812,946,508,534,614,788,917,495,520,598,767,893,457,480,552,708,825,440,462,531,681,793,427,449,516,662,771,418,455,529,667,790,417,454,527,665,787,406,442,513,648,768,395,430,499,630,746,388,423,491,619,734,386,488,615,730,379,413,479,603,716,369,402,467,587,698,358,390,453,570,678,347,378,439,552,656,357,388,451,566,305,369,437,547,615,255,309,365,457,514,247,299,353,442,497,241,292,344,431,484,236,286,337,422,474,233,282,333,416,467,227,275,324,405,454,222,269,317,396,444,214,259,304,379,415,206,249,293,367,402
Chatham ,1548,1637,1872,2334,2807,1385,1418,1631,2051,2510,1128,1134,1315,1669,2031,1024,1030,1199,1546,1812,972,974,1134,1493,1715,919,934,1088,1461,1645,834,902,1055,1435,1624,731,847,990,1356,1512,710,834,978,1332,1481,639,796,937,1262,1405,597,737,874,1127,1320,575,711,843,1087,1273,573,708,839,1082,1267,507,695,779,1018,1098,547,750,841,1099,1185,542,742,832,1087,1172,538,738,827,1081,1165,518,710,796,1040,1122,511,700,785,1026,1106,492,673,755,987,1064,574,701,779,995,1076,561,680,799,1073,1264,559,678,796,1069,1260,545,662,777,1042,1230,530,643,755,1013,1195,456,553,649,871,1027,453,645,866,1021,444,539,633,849,1001,433,525,617,827,975,420,510,599,803,947,371,450,529,709,836,381,462,543,728,343,417,492,615,689,335,407,481,601,673,324,394,465,581,651,316,384,453,566,634,309,376,443,554,620,305,371,437,546,611,297,361,425,531,594,218,264,311,389,435,243,293,340,418,464,233,282,328,405,451
Cherokee,714,719,943,1316,1482,659,664,872,1214,1382,613,617,812,1093,1229,579,583,767,1000,1151,545,548,715,946,1147,513,516,680,912,1082,564,568,679,915,1080,573,576,683,930,1080,530,556,642,929,1012,455,484,648,939,1037,464,467,632,835,1073,468,471,637,842,1082,448,451,610,806,1036,380,492,584,849,1023,387,502,596,866,1044,382,495,588,854,1030,375,486,577,838,1010,361,467,555,806,972,337,437,519,754,909,327,424,503,731,881,251,325,386,561,676,312,359,436,562,637,312,359,436,562,637,303,349,424,546,620,295,340,413,532,604,292,337,409,527,598,292,409,527,598,288,333,404,520,590,282,326,396,509,578,279,322,391,503,571,233,264,296,370,478,233,263,295,369,222,270,320,403,451,217,264,313,394,441,210,256,303,381,427,205,250,296,371,416,201,245,290,363,407,199,242,286,358,401,194,236,278,348,390,190,231,272,340,381,207,252,299,366,409,199,242,288,354,396
Chowan ,854,860,1128,1360,1696,787,792,1041,1259,1586,737,742,921,1121,1569,681,685,857,1059,1467,643,647,808,1005,1399,629,633,786,979,1380,656,673,771,1022,1354,631,650,746,1068,1180,541,568,655,953,1033,546,573,663,950,1043,511,533,632,838,1119,515,537,637,845,1128,526,549,651,863,1153,439,572,675,911,934,434,566,668,902,925,440,573,677,914,937,426,556,656,886,908,415,541,639,863,884,385,502,593,801,821,371,483,570,770,789,360,469,554,752,772,312,359,436,562,637,312,359,436,562,637,303,349,424,546,620,295,340,413,532,604,292,337,409,527,598,292,409,527,598,288,333,404,520,590,282,326,396,509,578,279,322,391,503,571,188,302,341,473,478,193,311,350,486,275,331,387,480,536,269,323,378,469,524,260,313,366,454,507,254,305,357,443,494,249,299,349,434,483,246,295,344,428,476,240,287,335,416,463,235,281,327,407,453,235,281,327,407,449,226,271,316,394,435
Clay ,856,921,1020,1357,1533,775,828,930,1193,1417,695,747,844,1027,1323,668,721,821,1015,1296,661,665,788,980,1264,614,618,754,940,1199,612,616,751,941,1195,624,635,737,924,1070,581,609,703,879,1021,534,560,648,828,1020,511,533,632,931,1119,515,537,637,939,1128,493,514,610,899,1080,486,489,586,769,895,495,497,596,782,911,488,490,588,771,898,479,481,577,757,882,461,463,555,728,848,431,433,519,681,793,417,420,503,660,769,396,398,477,626,729,312,359,436,562,637,312,359,436,562,637,303,349,424,546,620,295,340,413,532,604,292,337,409,527,598,292,409,527,598,288,333,404,520,590,282,326,396,509,578,279,322,391,503,571,158,258,289,402,406,162,263,295,410,222,270,320,403,451,217,264,313,394,441,210,256,303,381,427,205,250,296,371,416,201,245,290,363,407,199,242,286,358,401,194,236,278,348,390,190,231,272,340,381,207,252,299,366,409,199,242,288,354,396
Cleveland ,705,709,930,1303,1397,652,656,856,1206,1349,582,586,771,1069,1245,504,550,724,976,1160,494,545,693,919,1126,496,559,673,876,1106,548,596,685,896,1152,595,612,703,927,1192,534,553,646,870,1103,527,531,648,870,1088,498,501,632,877,917,508,511,644,893,935,481,484,610,846,885,505,507,609,802,901,576,577,694,914,1026,584,586,704,927,1041,566,567,682,898,1009,552,553,665,876,984,514,515,619,815,916,494,495,595,784,880,480,481,578,761,855,397,465,556,736,813,397,465,556,736,813,383,449,536,710,784,295,346,413,547,604,292,343,409,542,598,292,409,542,598,288,339,404,535,590,282,332,396,524,578,279,328,391,518,571,208,323,380,511,538,219,340,399,537,299,363,427,534,598,292,355,417,522,584,283,343,403,505,565,276,334,393,492,551,270,327,385,481,539,230,277,325,406,446,224,270,316,395,434,219,264,309,386,424,219,264,309,386,422,210,254,298,373,409
Columbus,710,715,938,1130,1244,647,651,856,1035,1140,582,586,771,962,1209,547,550,724,946,1143,547,550,693,923,1006,527,530,671,896,1004,522,539,679,897,1017,516,538,683,892,1027,468,507,642,833,957,467,519,648,823,948,511,516,632,787,845,515,520,637,793,851,493,498,610,760,815,409,526,584,700,720,417,537,596,714,735,412,530,588,704,725,404,520,577,691,711,389,500,555,665,684,363,468,519,622,640,352,453,503,603,620,304,391,434,520,535,312,359,436,562,637,312,359,436,562,637,303,349,424,546,620,295,340,413,532,604,292,337,409,527,598,292,409,527,598,288,333,404,520,590,282,326,396,509,578,279,322,391,503,571,247,282,316,411,443,239,272,305,396,269,329,388,486,543,263,321,379,475,531,255,311,367,459,514,249,303,358,447,501,244,297,350,437,490,241,293,345,431,483,235,285,336,419,470,230,279,328,410,459,223,270,314,391,433,214,260,303,378,420
Craven ,996,1002,1315,1767,2208,928,935,1228,1660,2084,829,834,1092,1465,1860,764,771,984,1319,1684,728,750,947,1284,1640,702,719,929,1270,1621,675,676,894,1236,1503,685,689,917,1276,1500,619,623,828,1170,1337,680,684,916,1281,1495,453,562,761,987,1328,470,584,790,1025,1379,451,560,758,983,1323,558,637,730,984,1229,491,560,642,865,1081,498,568,651,878,1096,482,549,630,849,1061,470,535,614,828,1034,435,495,568,766,957,418,476,546,736,919,406,463,531,716,894,312,390,468,614,657,312,390,468,614,657,303,379,456,596,638,295,369,444,581,622,292,365,440,575,616,292,440,575,616,288,360,434,568,608,282,352,425,556,595,279,348,420,550,588,227,343,414,542,580,234,353,426,558,295,358,422,532,596,288,350,412,520,582,279,339,399,503,563,272,331,389,490,549,242,295,347,435,488,239,291,342,429,481,233,283,333,417,468,228,277,326,408,457,205,250,290,360,398,197,240,279,348,385
Cumberland ,1078,1093,1240,1678,2082,1120,1120,1292,1759,2193,898,898,1037,1425,1766,771,784,913,1262,1546,726,743,869,1208,1472,719,722,854,1188,1450,745,749,893,1246,1529,674,678,819,1138,1405,675,679,833,1151,1427,661,665,835,1143,1417,601,605,774,1035,1303,634,638,816,1091,1374,580,584,747,999,1258,570,617,689,978,1158,571,618,690,980,1159,580,627,700,994,1176,561,607,678,963,1139,546,591,660,937,1109,507,548,612,869,1028,487,526,588,835,988,476,509,574,820,965,404,460,515,713,848,403,458,513,711,845,393,447,501,694,824,382,434,487,674,801,376,427,479,663,788,374,476,659,784,367,417,467,646,769,358,406,455,629,749,348,394,442,611,727,337,381,428,592,704,343,387,435,602,294,414,432,559,684,286,403,421,544,666,277,390,407,526,644,270,380,397,513,628,246,299,353,442,495,243,295,348,436,488,237,287,339,424,475,232,281,331,414,464,243,293,340,418,464,233,282,328,405,451
Currituck,1475,1483,1696,2361,2809,1279,1287,1493,2079,2532,1116,1137,1329,1857,2264,993,1015,1193,1676,2042,960,972,1147,1618,1986,952,958,1136,1603,1994,919,925,1104,1553,1938,907,912,1095,1533,1912,934,939,1130,1577,1968,947,953,1150,1601,2008,894,920,1107,1530,1926,913,939,1130,1562,1966,918,944,1136,1570,1976,882,919,1064,1454,1753,800,834,965,1319,1590,774,807,934,1277,1539,749,781,904,1236,1490,749,787,904,1247,1561,700,735,844,1164,1458,672,706,811,1118,1401,653,686,788,1087,1361,562,632,748,1044,1226,558,628,743,1037,1218,490,552,652,911,1070,475,535,632,882,1036,436,491,580,809,951,433,576,803,944,425,478,566,789,927,417,469,556,775,910,407,457,542,756,887,395,443,526,733,860,409,458,545,758,314,378,433,538,594,307,369,423,526,580,297,357,409,509,561,290,348,399,496,547,284,341,391,485,535,280,336,386,478,528,273,327,376,465,514,267,320,368,455,502,267,320,368,455,502,257,309,356,441,488
Dare ,1090,1269,1411,1874,1922,1000,1137,1280,1736,1800,915,982,1151,1571,1726,866,895,1054,1415,1658,837,852,976,1347,1594,785,790,937,1333,1555,766,771,953,1378,1612,730,735,978,1420,1634,667,672,893,1292,1497,639,678,908,1277,1502,622,653,883,1239,1480,658,690,934,1310,1566,651,683,924,1296,1549,797,798,979,1294,1331,664,665,816,1079,1110,673,674,827,1093,1125,653,654,802,1060,1091,636,637,781,1032,1062,590,591,725,958,986,567,568,697,921,948,551,552,677,895,921,323,512,590,809,827,323,512,590,809,827,314,498,573,786,804,306,485,558,766,783,303,480,553,758,775,303,553,758,775,299,474,546,748,765,293,464,535,732,749,290,459,529,724,740,286,452,521,714,729,291,460,530,726,275,331,387,480,536,269,323,378,469,524,260,313,366,454,507,254,305,357,443,494,249,299,349,434,483,246,295,344,428,476,240,287,335,416,463,235,281,327,407,453,235,281,327,407,449,226,271,316,394,435
Davidson,790,812,933,1244,1536,768,773,954,1264,1557,656,660,837,1114,1421,553,556,724,973,1239,558,562,705,958,1221,572,576,695,966,1192,578,582,679,959,1083,566,584,683,969,1040,524,550,646,922,934,517,527,648,923,962,474,502,632,880,996,477,506,637,887,1004,457,485,610,850,961,513,515,620,808,923,504,505,609,794,907,511,512,617,804,919,495,496,598,779,890,483,484,583,760,868,468,469,565,736,841,450,451,543,708,809,501,558,627,834,902,438,500,595,821,834,437,498,593,818,831,426,486,578,797,811,414,472,562,775,788,407,464,553,762,775,405,550,758,771,397,452,539,743,756,368,419,500,689,700,357,407,485,669,680,346,394,470,648,658,341,387,462,637,299,366,428,538,603,291,356,417,524,587,282,344,403,507,568,275,335,393,494,554,269,328,385,483,542,266,324,380,476,534,259,315,370,463,519,253,308,362,453,507,239,290,337,418,463,230,279,325,405,449
Davie ,945,992,1163,1526,1794,897,936,1110,1452,1671,774,805,969,1280,1486,623,664,808,1075,1249,624,670,825,1111,1322,580,617,763,1028,1256,558,583,729,985,1211,573,594,738,1002,1220,597,611,753,1038,1229,556,569,698,974,1105,540,561,687,991,1046,545,566,693,1000,1055,533,554,678,978,1032,468,533,618,842,990,491,559,648,883,1038,507,577,669,912,1072,505,575,666,908,1067,494,563,652,889,1045,485,552,640,872,1025,466,531,615,838,985,501,558,627,834,902,438,500,595,821,834,437,498,593,818,831,426,486,578,797,811,414,472,562,775,788,407,464,553,762,775,405,550,758,771,397,452,539,743,756,368,419,500,689,700,357,407,485,669,680,346,394,470,648,658,341,387,462,637,299,366,428,538,603,291,356,417,524,587,282,344,403,507,568,275,335,393,494,554,269,328,385,483,542,266,324,380,476,534,259,315,370,463,519,253,308,362,453,507,239,290,337,418,463,230,279,325,405,449
Duplin ,739,744,976,1176,1294,683,687,903,1092,1203,623,628,826,1005,1110,556,560,737,911,1054,527,530,699,869,1067,506,509,671,844,1133,536,539,679,900,1159,555,558,683,913,1186,530,534,642,868,1084,522,526,648,841,1024,499,502,632,787,923,503,506,637,793,931,482,485,610,760,891,485,524,584,739,762,495,535,596,754,777,488,528,588,744,767,479,518,577,730,752,461,498,555,702,724,431,466,519,657,677,417,452,503,636,656,341,369,411,520,536,312,359,436,562,637,312,359,436,562,637,303,349,424,546,620,295,340,413,532,604,292,337,409,527,598,292,409,527,598,288,333,404,520,590,282,326,396,509,578,279,322,391,503,571,229,259,290,385,407,233,263,295,392,244,294,346,431,486,238,287,338,421,475,230,278,327,407,459,224,271,319,397,447,219,265,312,389,437,216,262,308,384,431,210,255,300,374,419,205,249,293,366,410,223,270,314,391,433,214,260,303,378,420
Durham ,1548,1637,1872,2334,2807,1385,1418,1631,2051,2510,1128,1134,1315,1669,2031,1024,1030,1199,1546,1812,972,974,1134,1493,1715,919,934,1088,1461,1645,834,902,1055,1435,1624,731,847,990,1356,1512,710,834,978,1332,1481,639,796,937,1262,1405,597,737,874,1127,1320,575,711,843,1087,1273,573,708,839,1082,1267,507,695,779,1018,1098,547,750,841,1099,1185,542,742,832,1087,1172,538,738,827,1081,1165,518,710,796,1040,1122,511,700,785,1026,1106,492,673,755,987,1064,574,701,779,995,1076,561,680,799,1073,1264,559,678,796,1069,1260,545,662,777,1042,1230,530,643,755,1013,1195,456,553,649,871,1027,453,645,866,1021,444,539,633,849,1001,433,525,617,827,975,420,510,599,803,947,371,450,529,709,836,381,462,543,728,344,418,494,617,691,335,407,481,601,673,324,394,465,581,651,316,384,453,566,634,309,376,443,554,620,305,371,437,546,611,297,361,425,531,594,290,353,415,519,581,271,327,385,473,524,261,316,372,460,511
Edgecombe ,855,860,1072,1463,1693,825,830,1035,1395,1579,712,717,890,1210,1323,625,639,813,1106,1198,600,604,774,1054,1135,568,572,753,1017,1131,552,555,721,985,1106,550,553,718,984,1109,585,589,743,1018,1139,536,540,671,908,1010,530,533,659,899,948,541,545,673,918,968,510,513,634,865,912,401,484,616,765,788,388,468,596,740,762,383,462,588,730,752,376,453,577,717,738,361,436,555,689,710,391,472,601,746,769,376,454,578,718,739,366,441,562,698,719,353,382,464,615,678,352,381,462,613,676,344,371,451,598,660,334,361,438,581,641,328,355,431,571,630,326,429,568,626,320,346,421,557,614,312,337,410,543,598,303,327,398,527,581,293,306,372,510,562,301,314,382,523,267,326,384,483,541,261,319,375,472,529,253,309,363,457,512,247,301,354,445,499,242,295,347,435,488,239,291,342,429,481,233,283,333,417,468,228,277,326,408,457,203,247,287,359,394,195,237,276,347,381
Forsyth ,945,992,1163,1526,1794,897,936,1110,1452,1671,774,805,969,1280,1486,623,664,808,1075,1249,624,670,825,1111,1322,580,617,763,1028,1256,558,583,729,985,1211,573,594,738,1002,1220,597,611,753,1038,1229,556,569,698,974,1105,540,561,687,991,1046,545,566,693,1000,1055,533,554,678,978,1032,468,533,618,842,990,491,559,648,883,1038,507,577,669,912,1072,505,575,666,908,1067,494,563,652,889,1045,485,552,640,872,1025,466,531,615,838,985,501,558,627,834,902,438,500,595,821,834,437,498,593,818,831,426,486,578,797,811,414,472,562,775,788,407,464,553,762,775,405,550,758,771,397,452,539,743,756,368,419,500,689,700,357,407,485,669,680,346,394,470,648,658,341,387,462,637,299,366,428,538,603,291,356,417,524,587,282,344,403,507,568,275,335,393,494,554,269,328,385,483,542,266,324,380,476,534,259,315,370,463,519,253,308,362,453,507,239,290,337,418,463,230,279,325,405,449
Franklin ,1533,1592,1763,2192,2961,1427,1466,1646,2035,2711,1213,1250,1412,1733,2293,1038,1073,1223,1517,1982,1013,1053,1200,1509,1950,962,1022,1163,1482,1895,846,949,1086,1396,1764,741,893,1026,1327,1656,695,861,993,1294,1592,644,818,947,1228,1513,663,774,918,1189,1477,618,722,856,1108,1377,634,741,878,1137,1412,681,763,849,1067,1105,695,779,867,1090,1129,687,770,856,1076,1115,638,715,795,999,1035,639,717,797,1002,1038,682,764,850,1068,1107,655,734,817,1027,1064,574,701,779,995,1076,561,680,799,1073,1264,559,678,796,1069,1260,545,662,777,1042,1230,530,643,755,1013,1195,456,553,649,871,1027,453,645,866,1021,444,539,633,849,1001,433,525,617,827,975,420,510,599,803,947,371,450,529,709,836,381,462,543,728,344,418,494,617,691,335,407,481,601,673,324,394,465,581,651,316,384,453,566,634,309,376,443,554,620,305,371,437,546,611,297,361,425,531,594,290,353,415,519,581,271,327,385,473,524,261,316,372,460,511
Gaston ,1586,1647,1824,2250,2852,1347,1384,1554,1936,2481,1154,1180,1333,1691,2183,996,1014,1155,1497,1942,987,1010,1151,1518,1956,907,934,1063,1423,1828,875,897,1028,1388,1779,777,838,967,1310,1681,703,784,907,1230,1560,653,745,864,1173,1469,636,701,831,1120,1389,622,686,813,1096,1359,607,669,793,1069,1326,657,713,791,997,1160,681,738,819,1032,1201,670,726,806,1016,1182,629,682,757,954,1110,615,667,740,932,1085,588,637,707,891,1036,565,613,680,857,997,597,647,719,913,1000,549,619,697,920,1101,547,617,695,917,1097,534,602,678,894,1070,519,585,659,869,1040,510,575,648,854,1023,434,551,726,870,426,480,540,712,853,415,468,526,694,831,403,454,511,674,807,390,440,495,653,781,400,452,508,670,319,385,453,566,633,311,375,441,551,616,301,363,427,533,596,294,354,416,519,581,288,347,407,508,568,284,342,401,501,560,276,333,390,487,545,270,326,381,476,533,270,326,377,467,515,260,315,365,454,502
Gates ,1069,1079,1230,1653,2038,905,908,1050,1431,1781,779,792,923,1203,1492,663,677,795,1023,1317,622,630,743,971,1286,585,588,697,1005,1221,566,569,679,982,1193,566,569,683,993,1097,530,533,642,935,1108,534,537,648,944,1131,503,506,632,840,1111,507,510,637,847,1119,488,491,613,815,1077,387,504,595,803,823,434,566,668,902,925,440,573,677,914,937,426,556,656,886,908,415,541,639,863,884,385,502,593,801,821,371,483,570,770,789,360,469,554,752,772,312,359,436,562,637,312,359,436,562,637,303,349,424,546,620,295,340,413,532,604,292,337,409,527,598,292,409,527,598,288,333,404,520,590,282,326,396,509,578,279,322,391,503,571,158,218,289,402,406,162,222,295,410,275,331,387,480,536,269,323,378,469,524,260,313,366,454,507,254,305,357,443,494,249,299,349,434,483,246,295,344,428,476,240,287,335,416,463,235,281,327,407,453,235,281,327,407,449,226,271,316,394,435
Graham ,780,840,930,1249,1398,713,745,856,1206,1305,582,586,771,992,1209,547,550,724,895,1143,536,540,693,862,1200,560,563,671,836,1178,541,544,679,851,1193,515,518,683,856,1203,480,483,642,812,1131,506,509,648,895,1131,464,467,632,931,1119,468,471,637,939,1128,448,451,610,899,1080,485,487,584,766,892,495,497,596,782,911,488,490,588,771,898,479,481,577,757,882,461,463,555,728,848,431,433,519,681,793,417,420,503,660,769,396,398,477,626,729,312,359,436,562,637,312,359,436,562,637,303,349,424,546,620,295,340,413,532,604,292,337,409,527,598,292,409,527,598,288,333,404,520,590,282,326,396,509,578,279,322,391,503,571,159,256,289,360,472,161,260,292,364,222,270,320,403,451,217,264,313,394,441,210,256,303,381,427,205,250,296,371,416,201,245,290,363,407,199,242,286,358,401,194,236,278,348,390,190,231,272,340,381,207,252,299,366,409,199,242,288,354,396
Granville,1140,1204,1333,1745,1888,1013,1040,1168,1579,1739,865,870,1012,1318,1551,666,670,863,1093,1349,626,630,830,1032,1277,617,621,818,1019,1255,614,618,817,1024,1238,621,625,831,1042,1214,587,591,786,983,1137,545,548,734,911,1049,550,572,681,848,925,591,615,732,912,994,583,607,722,899,980,598,599,720,899,1068,540,542,651,812,966,549,550,661,825,981,531,532,640,799,950,518,519,624,779,926,481,482,579,723,859,462,463,557,695,827,449,450,541,675,803,329,359,436,577,654,329,359,436,577,654,319,349,424,561,635,311,340,413,547,619,308,337,409,542,613,308,409,542,613,304,333,404,535,605,298,326,396,524,592,295,322,391,518,585,291,312,367,511,577,299,321,378,526,249,301,353,444,497,243,294,345,434,486,235,285,334,420,470,229,278,326,409,458,224,272,319,400,448,221,268,315,395,442,215,261,307,384,430,210,255,300,375,420,203,247,287,359,394,195,237,276,347,381
Greene ,746,751,930,1242,1336,665,669,856,1184,1302,582,586,771,1074,1313,547,550,724,989,1239,522,526,693,898,1200,506,509,671,836,992,510,513,679,851,918,511,514,684,858,932,480,483,642,803,885,526,529,648,804,888,464,467,632,793,845,468,471,637,800,851,448,451,610,766,815,485,486,584,825,852,495,496,596,842,870,489,490,588,831,858,479,481,577,815,842,461,462,555,784,810,431,432,519,733,757,418,419,503,711,734,364,365,438,619,639,312,359,436,562,637,312,359,436,562,637,303,349,424,546,620,295,340,413,532,604,292,337,409,527,598,292,409,527,598,288,333,404,520,590,282,326,396,509,578,279,322,391,503,571,205,313,374,407,551,211,322,385,418,268,325,381,480,536,262,318,372,469,524,237,287,337,424,474,231,280,329,413,462,226,274,322,404,452,223,270,318,399,446,217,263,310,388,434,212,257,303,379,424,235,281,327,407,449,226,271,316,394,435
Guilford ,999,1039,1150,1463,1646,1011,1042,1170,1493,1680,893,920,1039,1339,1502,810,836,952,1243,1424,722,750,859,1135,1289,686,728,838,1114,1288,612,661,769,1028,1201,625,692,806,1078,1294,578,655,763,1025,1228,538,637,741,1003,1185,518,594,704,957,1080,522,598,709,964,1087,516,591,701,953,1075,513,586,653,827,885,535,611,681,863,923,553,631,703,891,953,549,627,699,886,947,565,645,719,911,974,554,632,705,893,955,533,608,678,859,919,501,558,627,834,902,438,500,595,821,834,437,498,593,818,831,426,486,578,797,811,414,472,562,775,788,407,464,553,762,775,405,550,758,771,397,452,539,743,756,368,419,500,689,700,357,407,485,669,680,346,394,470,648,658,341,387,462,637,299,366,428,538,603,291,356,417,524,587,282,344,403,507,568,275,335,393,494,554,269,328,385,483,542,266,324,380,476,534,259,315,370,463,519,253,308,362,453,507,239,290,337,418,463,230,279,325,405,449
Halifax ,638,737,930,1141,1389,600,687,885,1070,1327,564,640,843,1026,1299,614,618,813,1005,1201,564,568,748,937,1109,555,558,720,950,1062,591,594,717,956,1137,588,605,695,932,1107,547,568,662,861,1026,534,548,648,846,989,470,534,645,841,1138,464,527,637,830,1124,444,505,610,795,1076,390,541,599,762,874,388,538,596,758,870,383,531,588,748,858,376,521,577,734,842,361,501,555,706,810,338,469,519,660,757,327,454,503,640,734,302,419,464,590,677,312,359,436,562,637,312,359,436,562,637,303,349,424,546,620,295,340,413,532,604,292,337,409,527,598,292,409,527,598,288,333,404,520,590,282,326,396,509,578,279,322,391,503,571,266,299,337,423,473,271,305,343,430,267,326,384,483,541,261,319,375,472,529,253,309,363,457,512,247,301,354,445,499,242,295,347,435,488,239,291,342,429,481,233,283,333,417,468,228,277,326,408,457,203,247,287,359,394,195,237,276,347,381
Harnett ,791,796,1044,1463,1753,851,857,1126,1587,1911,712,716,943,1340,1606,646,651,856,1216,1465,595,599,790,1125,1368,592,596,785,1092,1378,591,595,787,1076,1382,592,596,793,1068,1397,524,527,701,950,1235,506,524,702,941,1226,512,515,697,927,1137,520,524,709,943,1156,554,557,754,1002,1229,564,613,680,918,1194,500,543,602,813,1057,507,551,611,825,1073,491,534,592,799,1040,479,520,577,779,1013,445,483,536,724,941,427,465,515,695,904,415,451,500,675,878,351,406,493,637,720,351,406,493,637,720,342,395,479,620,700,333,385,467,604,682,330,381,462,598,675,292,409,529,598,288,333,404,522,590,282,326,396,511,578,279,322,391,505,571,273,277,369,498,547,278,282,376,507,251,304,356,448,501,245,297,348,438,490,237,287,337,424,474,231,280,329,413,462,226,274,322,404,452,223,270,318,399,446,217,263,310,388,434,212,257,303,379,424,243,293,340,418,464,233,282,328,405,451
Haywood ,987,1105,1223,1473,1736,1068,1102,1237,1496,1692,686,893,1009,1228,1453,637,822,937,1165,1422,587,726,827,1051,1336,652,806,918,1167,1484,612,735,842,1083,1398,509,608,720,924,1237,548,596,746,937,1314,534,541,724,928,1264,625,629,811,1125,1436,516,519,669,928,1185,556,560,721,1000,1277,512,513,640,829,1073,515,516,644,834,1079,522,524,653,846,1094,506,508,633,820,1061,494,495,617,799,1034,442,443,552,715,925,425,426,531,688,890,413,414,516,668,865,324,369,449,603,656,324,369,449,603,656,315,358,436,586,637,307,349,425,571,621,304,346,421,565,615,304,421,565,615,300,342,416,558,607,286,326,396,531,578,283,322,391,525,571,279,285,371,517,520,287,293,382,532,287,349,412,517,580,280,341,403,505,567,245,298,352,441,495,239,291,343,430,482,234,285,336,421,472,231,281,332,415,466,225,274,323,404,453,190,231,272,340,381,207,252,299,366,409,199,242,288,354,396
Henderson ,1286,1347,1512,1944,2566,1428,1496,1680,2160,2851,1270,1298,1466,1949,2497,1188,1209,1378,1879,2359,1096,1099,1279,1751,2213,821,826,992,1357,1742,794,799,993,1356,1744,655,660,829,1120,1460,709,713,891,1194,1553,588,664,819,1073,1360,510,723,857,1100,1426,428,606,719,922,1197,462,655,777,997,1293,528,617,704,943,1236,504,589,672,900,1180,521,608,694,930,1219,518,604,690,925,1212,521,609,695,931,1220,465,543,620,831,1089,447,522,596,799,1047,371,457,572,754,838,403,415,513,682,786,403,415,513,682,786,392,403,499,663,763,382,393,486,646,744,378,389,481,640,737,378,481,640,737,373,384,475,632,728,328,338,418,556,641,324,334,413,550,634,319,329,407,542,625,329,338,418,558,280,344,405,506,567,274,336,396,494,554,265,325,383,478,536,259,317,373,466,522,254,310,365,456,511,251,306,360,450,504,244,298,350,438,490,239,291,342,428,479,207,252,299,366,409,199,242,288,354,396
Hertford ,682,758,995,1233,1319,661,719,945,1143,1277,640,667,878,1069,1261,619,623,820,1014,1191,579,583,768,955,1132,562,566,745,960,1038,546,550,727,990,1008,529,532,708,956,1120,498,501,666,875,1050,476,532,670,834,1054,511,533,632,787,1119,515,537,637,793,1128,512,535,634,790,1123,387,533,594,779,801,388,535,596,782,804,383,527,588,771,793,376,518,577,757,778,361,498,555,728,749,338,466,519,681,700,327,451,503,660,679,298,411,458,601,618,312,359,436,562,637,312,359,436,562,637,303,349,424,546,620,295,340,413,532,604,292,337,409,527,598,292,409,527,598,288,333,404,520,590,282,326,396,509,578,279,322,391,503,571,251,256,341,427,479,259,263,351,439,286,348,410,511,573,279,340,401,499,560,270,329,388,483,542,263,321,378,471,528,258,314,370,461,517,255,310,365,455,510,248,302,355,443,496,242,295,347,433,485,203,247,287,359,394,195,237,276,347,381
Hoke ,747,752,986,1382,1656,793,798,1049,1478,1780,657,662,871,1238,1484,642,646,771,1095,1320,617,641,731,1046,1266,608,633,721,1040,1266,624,628,742,1073,1303,519,523,695,1011,1224,508,512,680,990,1198,498,501,671,978,1112,491,494,632,879,1090,515,518,663,922,1143,486,489,626,871,1079,485,527,584,799,975,529,575,637,872,1063,537,583,646,884,1078,520,565,626,857,1045,507,551,610,835,1018,470,510,565,773,943,451,490,543,743,906,439,477,528,723,881,312,359,436,562,637,312,359,436,562,637,303,349,424,546,620,295,340,413,532,604,292,337,409,527,598,292,409,527,598,288,333,404,520,590,282,326,396,509,578,279,322,391,503,571,193,292,351,454,492,198,300,361,467,244,294,346,431,486,238,287,338,421,475,230,278,327,407,459,224,271,319,397,447,219,265,312,389,437,216,262,308,384,431,210,255,300,374,419,205,249,293,366,410,243,293,340,418,464,233,282,328,405,451
Hyde ,765,770,956,1225,1437,705,710,879,1124,1340,629,633,786,1011,1232,587,591,739,956,1167,594,597,737,923,1171,659,663,818,1025,1301,732,736,908,1138,1445,741,746,916,1148,1449,703,707,869,1087,1370,649,653,799,991,1257,620,623,779,970,1041,635,639,799,995,1068,631,635,793,988,1060,499,650,767,1035,1062,434,566,668,902,925,440,573,677,914,937,426,556,656,886,908,415,541,639,863,884,385,502,593,801,821,371,483,570,770,789,360,469,554,752,772,312,359,436,562,637,312,359,436,562,637,303,349,424,546,620,295,340,413,532,604,292,337,409,527,598,292,409,527,598,288,333,404,520,590,282,326,396,509,578,279,322,391,503,571,190,283,344,432,483,195,291,354,444,275,331,387,480,536,269,323,378,469,524,260,313,366,454,507,254,305,357,443,494,249,299,349,434,483,246,295,344,428,476,240,287,335,416,463,235,281,327,407,453,235,281,327,407,449,226,271,316,394,435
Iredell ,1206,1253,1387,1908,2329,1046,1075,1207,1652,2048,896,915,1034,1395,1761,798,812,925,1232,1583,791,810,923,1244,1582,748,770,876,1170,1538,743,763,873,1153,1533,701,721,828,1065,1458,682,715,825,1055,1454,703,738,854,1082,1491,583,609,722,937,1276,625,653,774,1004,1368,590,616,730,947,1290,594,599,717,950,1240,590,595,712,943,1231,599,604,722,957,1248,580,585,700,928,1210,565,569,681,902,1177,523,528,631,836,1091,503,507,607,804,1050,489,493,590,782,1020,421,431,568,711,794,421,431,568,711,794,408,419,552,691,772,398,408,538,673,752,394,404,533,666,745,394,533,666,745,389,399,526,658,736,340,349,460,575,644,336,345,455,568,637,331,340,448,560,628,340,349,461,576,259,400,467,538,602,253,391,456,526,588,245,378,441,509,569,239,369,430,496,555,234,361,421,485,543,231,356,415,478,535,225,273,321,398,445,220,267,314,389,435,220,267,314,387,432,211,257,303,374,419
Jackson ,836,868,961,1269,1274,776,797,895,1187,1192,674,689,778,1041,1045,626,637,726,1030,1146,615,620,718,1008,1151,583,586,693,961,1217,587,589,689,909,1210,578,588,683,885,1163,530,533,642,803,1001,509,512,648,804,984,508,511,654,848,1065,525,529,676,877,1100,499,502,642,833,1045,499,516,614,806,832,508,526,626,822,848,516,534,635,834,860,499,517,615,807,833,486,504,599,786,812,476,493,586,769,794,457,473,563,739,763,444,460,547,718,741,383,442,537,751,981,383,442,537,751,981,370,426,518,725,947,295,340,413,578,755,292,337,409,572,748,292,409,572,748,288,333,404,565,738,282,326,396,553,723,279,322,391,547,715,271,277,368,539,705,245,251,333,416,285,345,406,508,569,278,337,397,496,556,269,326,384,480,538,247,301,354,445,497,242,295,347,435,486,239,291,342,429,479,233,283,333,417,466,228,277,326,408,456,207,252,299,366,409,199,242,288,354,396
Johnston ,1533,1592,1763,2192,2961,1427,1466,1646,2035,2711,1213,1250,1412,1733,2293,1038,1073,1223,1517,1982,1013,1053,1200,1509,1950,962,1022,1163,1482,1895,846,949,1086,1396,1764,741,893,1026,1327,1656,695,861,993,1294,1592,644,818,947,1228,1513,663,774,918,1189,1477,618,722,856,1108,1377,634,741,878,1137,1412,681,763,849,1067,1105,695,779,867,1090,1129,687,770,856,1076,1115,638,715,795,999,1035,639,717,797,1002,1038,682,764,850,1068,1107,655,734,817,1027,1064,574,701,779,995,1076,561,680,799,1073,1264,559,678,796,1069,1260,545,662,777,1042,1230,530,643,755,1013,1195,456,553,649,871,1027,453,645,866,1021,444,539,633,849,1001,433,525,617,827,975,420,510,599,803,947,371,450,529,709,836,381,462,543,728,264,322,380,474,534,258,315,371,463,522,250,305,359,448,505,244,297,350,437,492,239,291,343,428,481,236,287,338,422,474,230,279,329,411,461,225,273,322,402,451,253,305,359,444,488,243,294,347,430,474
Jones ,751,756,930,1303,1562,670,674,856,1206,1230,582,586,771,1070,1074,547,550,724,988,992,549,558,693,936,940,522,528,671,968,1005,510,513,679,919,971,510,514,683,913,1056,500,503,669,885,1016,481,484,648,845,1024,511,533,632,828,845,553,577,684,896,914,493,514,610,799,815,451,488,584,808,1028,495,535,640,886,1126,502,543,649,898,1142,486,526,629,871,1107,473,512,612,847,1077,438,473,566,783,996,421,455,544,753,957,409,442,529,732,931,312,359,436,562,637,312,359,436,562,637,303,349,424,546,620,295,340,413,532,604,292,337,409,527,598,292,409,527,598,288,333,404,520,590,282,326,396,509,578,279,322,391,503,571,170,276,311,389,436,176,284,320,400,267,326,384,483,541,261,319,375,472,529,253,309,363,457,512,247,301,354,445,499,242,295,347,435,488,239,291,342,429,481,233,283,333,417,468,228,277,326,408,457,205,250,290,360,398,197,240,279,348,385
Lee ,922,928,1172,1412,1774,842,871,1011,1242,1566,736,792,894,1103,1346,671,723,824,1030,1196,660,682,777,980,1054,625,643,732,949,992,627,644,737,968,996,631,649,745,982,1015,587,607,710,898,979,571,574,703,872,964,568,593,703,876,939,591,617,731,910,977,540,564,669,833,894,409,559,631,775,1107,429,587,662,814,1162,435,595,672,826,1179,422,578,652,801,1144,411,563,635,780,1114,382,523,590,725,1035,367,502,567,697,995,357,488,551,677,967,312,398,471,610,661,312,398,471,610,661,303,387,458,593,642,295,377,446,578,626,292,373,442,572,620,292,442,572,620,288,368,436,565,612,282,360,427,553,599,279,356,422,547,592,228,351,416,539,583,230,354,419,543,303,374,432,540,607,296,365,422,528,593,286,353,408,511,573,279,344,398,498,558,273,337,390,487,546,236,287,338,422,474,230,279,329,411,461,225,273,322,402,451,243,293,340,418,464,233,282,328,405,451
Lenoir ,735,740,930,1300,1497,650,654,856,1206,1376,582,586,771,1063,1226,505,578,760,1025,1201,515,567,747,1005,1217,505,547,720,980,1220,488,541,703,960,1218,479,551,712,951,1199,465,522,673,878,1089,468,496,650,823,1000,383,493,644,802,881,387,498,650,810,889,381,490,640,797,875,474,476,626,748,1074,451,454,596,712,1023,447,449,590,705,1012,437,439,577,690,990,422,424,557,666,956,393,395,519,620,891,381,383,503,601,863,365,367,482,576,827,312,359,436,562,637,312,359,436,562,637,303,349,424,546,620,295,340,413,532,604,292,337,409,527,598,292,409,527,598,288,333,404,520,590,282,326,396,509,578,279,322,391,503,571,185,299,336,420,470,194,314,353,441,267,326,384,483,541,261,319,375,472,529,253,309,363,457,512,247,301,354,445,499,242,295,347,435,488,239,291,342,429,481,233,283,333,417,468,196,238,280,350,392,205,250,290,360,398,197,240,279,348,385
Lincoln,1018,1058,1171,1623,1731,944,970,1089,1436,1450,794,798,924,1200,1241,669,673,816,1054,1132,678,682,843,1111,1257,654,658,800,1082,1347,660,664,783,1072,1375,620,637,732,1000,1289,564,605,698,942,1230,610,667,772,1050,1348,511,533,632,861,864,515,537,637,868,871,493,514,610,831,834,395,547,608,734,755,409,565,629,760,781,415,574,638,771,792,402,556,618,747,768,391,541,602,727,748,371,513,571,690,709,357,494,549,663,682,597,647,719,913,1000,549,619,697,920,1101,547,617,695,917,1097,534,602,678,894,1070,519,585,659,869,1040,510,575,648,854,1023,434,551,726,870,426,480,540,712,853,415,468,526,694,831,403,454,511,674,807,390,440,495,653,781,400,452,508,670,319,385,453,566,633,311,375,441,551,616,301,363,427,533,596,294,354,416,519,581,288,347,407,508,568,284,342,401,501,560,276,333,390,487,545,270,326,381,476,533,270,326,377,467,515,260,315,365,454,502
McDowell,780,836,930,1172,1243,713,751,856,1059,1262,541,673,771,938,1174,593,597,724,895,1127,584,588,693,862,1122,569,572,671,836,1095,578,582,679,851,1080,578,581,683,856,1080,499,553,642,812,918,491,528,648,813,962,464,467,632,789,1034,468,471,637,795,1042,448,451,610,761,998,379,452,584,721,742,422,503,650,803,826,428,511,660,815,838,415,495,639,789,812,404,482,623,769,791,376,448,579,715,735,361,431,557,688,707,351,419,541,668,687,312,380,455,622,737,312,380,455,622,737,303,369,442,604,716,295,360,431,589,698,292,356,427,583,691,292,427,583,691,288,351,422,576,682,282,344,413,564,668,279,340,408,558,660,221,335,402,550,650,179,271,326,445,270,330,388,487,543,264,322,379,476,531,256,312,367,460,514,250,304,358,448,501,245,298,350,438,490,230,277,325,406,446,224,270,316,395,434,219,264,309,386,424,219,264,309,386,422,210,254,298,373,409
Macon,722,894,1022,1231,1426,802,849,962,1163,1437,725,780,881,1072,1407,660,695,811,1003,1388,621,625,759,956,1314,586,590,746,948,1310,593,597,765,988,1344,582,586,779,1048,1301,537,547,727,971,1089,522,552,704,883,1044,532,535,724,902,968,523,527,713,888,953,514,517,700,872,935,468,508,655,796,1149,445,483,623,757,1093,451,490,632,768,1109,438,476,613,745,1075,426,463,597,725,1047,395,429,553,672,970,380,413,532,646,933,369,401,517,628,907,312,372,436,562,637,312,372,436,562,637,303,361,424,546,620,295,352,413,532,604,292,349,409,527,598,292,409,527,598,288,345,404,520,590,282,338,396,509,578,279,334,391,503,571,259,329,369,472,517,266,338,380,485,280,343,405,506,568,274,335,396,494,555,265,324,383,478,537,259,316,373,466,523,254,309,365,456,512,251,305,360,450,505,244,297,350,438,491,190,231,272,340,381,207,252,299,366,409,199,242,288,354,396
Madison,1286,1347,1512,1944,2566,1428,1496,1680,2160,2851,1270,1298,1466,1949,2497,1188,1209,1378,1879,2359,1096,1099,1279,1751,2213,821,826,992,1357,1742,794,799,993,1356,1744,655,660,829,1120,1460,709,713,891,1194,1553,588,664,819,1073,1360,510,723,857,1100,1426,428,606,719,922,1197,462,655,777,997,1293,528,617,704,943,1236,504,589,672,900,1180,521,608,694,930,1219,518,604,690,925,1212,521,609,695,931,1220,465,543,620,831,1089,447,522,596,799,1047,460,537,600,816,1054,369,446,582,758,819,368,445,580,756,816,359,434,566,738,795,349,422,550,717,773,343,415,541,705,760,341,538,701,756,300,363,473,616,665,292,354,461,600,648,284,344,448,583,629,269,333,434,564,609,277,342,445,579,280,344,405,506,567,274,336,396,494,554,265,325,383,478,536,259,317,373,466,522,254,310,365,456,511,251,306,360,450,504,244,298,350,438,490,239,291,342,428,479,170,207,246,304,340,170,207,246,304,340
Martin ,704,709,930,1212,1233,683,687,856,1122,1140,607,611,771,1020,1221,558,561,724,996,1239,538,541,693,963,1200,506,509,671,903,1125,510,513,679,920,1083,553,556,683,926,1017,519,522,642,864,885,481,484,648,822,888,511,533,632,787,845,515,537,637,793,851,493,514,610,760,815,485,515,584,756,778,495,525,596,772,794,489,518,588,761,783,479,508,577,747,769,461,489,555,719,739,431,457,519,672,691,418,443,503,651,670,363,385,437,566,582,312,359,436,562,637,312,359,436,562,637,303,349,424,546,620,295,340,413,532,604,292,337,409,527,598,292,409,527,598,288,333,404,520,590,282,326,396,509,578,279,322,391,503,571,185,283,336,419,469,190,291,345,431,286,348,410,511,573,279,340,401,499,560,270,329,388,483,542,263,321,378,471,528,258,314,370,461,517,255,310,365,455,510,248,302,355,443,496,242,295,347,433,485,235,281,327,407,449,226,271,316,394,435
Mecklenburg ,1586,1647,1824,2250,2852,1347,1384,1554,1936,2481,1154,1180,1333,1691,2183,996,1014,1155,1497,1942,987,1010,1151,1518,1956,907,934,1063,1423,1828,875,897,1028,1388,1779,777,838,967,1310,1681,703,784,907,1230,1560,653,745,864,1173,1469,636,701,831,1120,1389,622,686,813,1096,1359,607,669,793,1069,1326,657,713,791,997,1160,681,738,819,1032,1201,670,726,806,1016,1182,629,682,757,954,1110,615,667,740,932,1085,588,637,707,891,1036,565,613,680,857,997,597,647,719,913,1000,549,619,697,920,1101,547,617,695,917,1097,534,602,678,894,1070,519,585,659,869,1040,510,575,648,854,1023,434,551,726,870,426,480,540,712,853,415,468,526,694,831,403,454,511,674,807,390,440,495,653,781,400,452,508,670,319,385,453,566,633,311,375,441,551,616,301,363,427,533,596,294,354,416,519,581,288,347,407,508,568,284,342,401,501,560,276,333,390,487,545,270,326,381,476,533,270,326,377,467,515,260,315,365,454,502
Mitchell ,704,709,930,1161,1233,647,651,856,1053,1140,582,586,771,938,1209,547,550,724,895,1143,522,526,693,863,1111,507,510,671,843,1067,512,515,679,851,1080,553,556,683,891,1080,519,522,642,852,1012,481,484,648,820,1020,464,467,632,813,951,468,471,637,819,959,448,451,610,785,918,400,494,584,698,825,451,558,659,788,931,458,565,668,799,943,443,547,647,774,914,432,533,630,753,890,401,495,585,700,826,385,475,562,672,794,374,462,546,653,771,312,407,467,638,667,312,407,467,638,667,303,396,455,621,649,295,386,443,605,632,292,382,439,599,626,292,439,599,626,288,377,433,591,618,282,369,424,579,605,279,365,419,572,598,228,360,413,564,589,194,308,353,482,267,323,380,474,521,261,316,371,463,509,253,306,359,448,492,247,298,350,437,480,242,292,343,428,470,239,288,338,422,464,224,270,316,395,434,219,264,309,386,424,219,264,309,386,422,210,254,298,373,409
Montgomery ,760,765,930,1223,1562,691,695,856,1089,1439,607,611,771,960,1173,558,561,724,895,1083,533,537,693,862,1013,530,533,671,867,1082,552,555,679,918,1075,560,563,683,946,1086,523,527,642,882,1006,523,526,648,888,1036,496,499,632,829,949,500,503,637,835,956,479,482,610,800,916,484,526,584,728,1026,494,536,596,743,1047,487,529,588,733,1033,478,519,577,720,1013,460,500,555,692,975,430,467,519,647,911,417,453,503,627,883,373,405,450,561,790,312,359,436,562,637,312,359,436,562,637,303,349,424,546,620,295,340,413,532,604,292,337,409,527,598,292,409,527,598,288,333,404,520,590,282,326,396,509,578,279,322,391,503,571,275,279,358,447,502,283,287,368,460,260,312,365,458,511,254,305,357,448,499,246,295,345,433,483,240,288,336,422,471,235,282,329,413,461,232,278,325,407,455,226,271,316,396,443,221,265,309,387,433,221,265,309,386,423,212,255,298,373,410
Moore ,986,1025,1135,1590,1906,863,886,995,1402,1689,774,808,913,1276,1555,695,744,848,1168,1451,643,687,783,1050,1356,666,710,808,1049,1419,662,679,777,1033,1365,659,678,779,1046,1219,557,584,674,930,1071,642,674,780,1065,1069,638,657,790,1158,1393,517,532,640,938,1128,493,507,610,894,1076,516,517,651,936,1142,539,540,680,978,1193,547,548,690,992,1210,531,531,669,962,1173,516,517,651,936,1142,478,479,603,867,1058,460,461,580,834,1017,447,448,564,811,989,358,432,516,706,846,358,432,516,706,846,348,420,502,686,822,339,409,489,668,801,336,405,484,661,793,292,420,574,689,288,348,415,567,680,282,341,406,555,666,279,337,401,549,658,273,332,395,541,649,287,348,415,569,260,312,365,458,511,254,305,357,448,499,246,295,345,433,483,240,288,336,422,471,235,282,329,413,461,232,278,325,407,455,226,271,316,396,443,221,265,309,387,433,221,265,309,386,423,212,255,298,373,410
Nash ,855,860,1072,1463,1693,825,830,1035,1395,1579,712,717,890,1210,1323,625,639,813,1106,1198,600,604,774,1054,1135,568,572,753,1017,1131,552,555,721,985,1106,550,553,718,984,1109,585,589,743,1018,1139,536,540,671,908,1010,530,533,659,899,948,541,545,673,918,968,510,513,634,865,912,401,484,616,765,788,388,468,596,740,762,383,462,588,730,752,376,453,577,717,738,361,436,555,689,710,391,472,601,746,769,376,454,578,718,739,366,441,562,698,719,353,382,464,615,678,352,381,462,613,676,344,371,451,598,660,334,361,438,581,641,328,355,431,571,630,326,429,568,626,320,346,421,557,614,312,337,410,543,598,303,327,398,527,581,293,306,372,510,562,301,314,382,523,274,336,395,495,554,268,328,386,484,541,259,317,373,468,523,253,309,364,456,510,248,303,356,446,499,245,299,351,440,492,239,291,342,428,479,234,284,334,418,468,203,247,287,359,394,195,237,276,347,381
New Hanover ,1083,1427,1580,2087,2485,1027,1349,1515,2002,2561,853,1108,1259,1669,2145,814,988,1164,1545,1992,754,873,1069,1449,1841,675,776,966,1330,1630,715,790,1003,1404,1704,737,776,993,1392,1703,705,710,915,1292,1611,686,690,897,1260,1514,639,685,847,1117,1274,617,661,818,1078,1230,615,660,816,1076,1227,605,668,807,1131,1163,602,664,802,1124,1156,610,673,813,1139,1172,590,652,787,1103,1134,575,635,767,1075,1105,533,589,711,996,1025,512,566,683,957,984,496,553,673,951,979,486,532,651,891,1063,484,530,649,888,1060,471,517,633,866,1033,458,502,615,842,1004,450,494,605,828,987,447,602,823,981,438,482,590,807,962,380,418,512,700,835,369,406,497,680,811,357,393,481,658,785,362,400,488,669,287,349,412,512,575,279,340,401,499,560,270,329,388,483,542,263,321,378,471,528,258,314,370,461,517,255,310,365,455,510,248,302,355,443,496,242,295,347,433,485,221,268,312,389,430,212,258,301,376,417
Northampton,777,782,1026,1236,1412,719,724,951,1150,1288,650,654,861,1048,1157,572,575,757,936,1027,522,526,693,923,1046,506,509,671,938,1162,510,513,679,970,1193,510,514,683,959,1203,480,483,642,898,1131,481,484,648,888,1131,470,473,632,843,1084,474,477,637,850,1093,454,457,610,814,1047,381,515,584,743,764,389,525,596,758,780,384,518,588,748,769,377,508,577,734,755,362,489,555,706,726,339,457,519,660,679,328,443,503,640,658,303,409,464,590,607,312,359,436,562,637,312,359,436,562,637,303,349,424,546,620,295,340,413,532,604,292,337,409,527,598,292,409,527,598,288,333,404,520,590,282,326,396,509,578,279,322,391,503,571,158,257,289,402,405,156,253,284,395,267,326,384,483,541,261,319,375,472,529,253,309,363,457,512,247,301,354,445,499,242,295,347,435,488,239,291,342,429,481,233,283,333,417,468,228,277,326,408,457,203,247,287,359,394,195,237,276,347,381
Onslow ,879,927,1147,1616,1946,904,1030,1274,1795,2162,667,798,951,1352,1620,634,737,876,1244,1499,691,721,894,1279,1548,704,723,920,1327,1615,663,667,843,1219,1481,669,673,843,1226,1485,662,666,812,1182,1431,652,656,792,1154,1383,624,629,773,1087,1369,612,616,757,1065,1341,666,671,824,1159,1459,580,621,698,980,1150,523,560,629,883,1037,530,568,638,896,1051,514,550,618,868,1018,501,537,603,847,994,463,496,557,782,918,445,476,535,751,882,432,463,520,730,857,378,440,499,691,818,377,439,497,689,815,367,428,485,672,794,357,416,471,653,772,351,409,463,642,759,349,460,638,755,342,399,451,626,740,333,389,439,610,721,323,378,426,592,700,313,366,412,573,678,321,376,423,588,270,331,390,490,548,263,322,380,477,534,255,312,368,461,516,249,304,359,449,503,244,298,351,439,492,241,294,346,433,485,235,286,337,421,472,230,280,329,412,461,223,270,314,391,433,214,260,303,378,420
Orange ,1548,1637,1872,2334,2807,1385,1418,1631,2051,2510,1128,1134,1315,1669,2031,1024,1030,1199,1546,1812,972,974,1134,1493,1715,919,934,1088,1461,1645,834,902,1055,1435,1624,731,847,990,1356,1512,710,834,978,1332,1481,639,796,937,1262,1405,597,737,874,1127,1320,575,711,843,1087,1273,573,708,839,1082,1267,507,695,779,1018,1098,547,750,841,1099,1185,542,742,832,1087,1172,538,738,827,1081,1165,518,710,796,1040,1122,511,700,785,1026,1106,492,673,755,987,1064,574,701,779,995,1076,561,680,799,1073,1264,559,678,796,1069,1260,545,662,777,1042,1230,530,643,755,1013,1195,456,553,649,871,1027,453,645,866,1021,444,539,633,849,1001,433,525,617,827,975,420,510,599,803,947,371,450,529,709,836,381,462,543,728,344,418,494,617,691,335,407,481,601,673,324,394,465,581,651,316,384,453,566,634,309,376,443,554,620,305,371,437,546,611,297,361,425,531,594,290,353,415,519,581,271,327,385,473,524,261,316,372,460,511
Pamlico ,900,906,1188,1431,1575,860,866,1138,1376,1578,762,767,1004,1222,1559,639,644,847,1047,1450,624,628,795,989,1376,589,599,758,945,1331,564,584,725,958,1273,581,594,701,982,1235,521,526,642,935,1131,518,521,676,985,1180,464,467,632,902,1106,468,471,637,909,1114,450,453,613,875,1072,429,545,641,807,830,399,507,596,750,772,393,500,588,740,761,386,490,577,726,747,371,472,555,699,719,347,441,519,653,672,337,428,503,633,651,313,398,468,561,577,312,359,436,562,637,312,359,436,562,637,303,349,424,546,620,295,340,413,532,604,292,337,409,527,598,292,409,527,598,288,333,404,520,590,282,326,396,509,578,279,322,391,503,571,183,295,333,430,466,188,304,342,442,267,326,384,483,541,261,319,375,472,529,253,309,363,457,512,247,301,354,445,499,242,295,347,435,488,239,291,342,429,481,233,283,333,417,468,228,277,326,408,457,205,250,290,360,398,197,240,279,348,385
Pasquotank ,903,909,1192,1599,1915,717,805,1058,1454,1749,626,711,936,1311,1528,581,665,875,1234,1384,576,625,824,1179,1290,585,598,788,1137,1237,596,599,793,1147,1274,654,659,876,1231,1415,617,621,826,1153,1389,621,625,837,1158,1415,618,622,782,1051,1233,585,589,741,995,1168,582,586,737,990,1162,447,577,686,996,1026,430,555,660,958,987,436,563,669,971,1000,422,545,648,941,969,411,531,631,916,943,381,493,586,851,876,367,473,563,817,842,356,460,547,794,818,359,385,479,665,672,359,385,479,665,672,349,374,465,647,653,340,364,453,630,636,337,360,449,624,630,337,449,624,630,333,355,443,616,622,326,348,434,603,609,322,344,429,596,602,317,339,423,587,593,327,348,435,604,275,331,387,480,536,269,323,378,469,524,260,313,366,454,507,254,305,357,443,494,249,299,349,434,483,246,295,344,428,476,240,287,335,416,463,235,281,327,407,453,235,281,327,407,449,226,271,316,394,435
Pender ,740,974,1079,1512,1812,752,988,1109,1563,1816,683,875,988,1375,1567,645,772,902,1235,1431,610,692,843,1160,1406,547,637,757,1035,1329,607,694,794,1075,1395,674,693,796,1061,1402,592,621,717,948,1263,565,593,686,915,1198,493,497,672,990,1120,484,487,659,971,1098,459,462,625,921,1041,508,510,613,806,829,523,526,632,831,854,531,533,641,843,867,514,517,621,817,840,501,503,605,796,818,464,466,560,736,757,445,448,538,707,727,433,435,523,688,707,376,455,525,678,828,376,455,525,678,828,365,442,511,659,805,356,431,498,642,784,292,354,409,527,644,292,409,527,644,288,349,404,520,636,282,342,396,509,623,279,338,391,503,616,235,333,374,467,607,242,342,385,481,235,288,391,489,549,230,281,382,478,536,223,272,370,462,518,218,265,361,450,505,214,260,353,440,494,211,257,348,434,487,206,250,294,367,412,201,244,287,359,403,223,270,314,391,433,214,260,303,378,420
Perquimans,753,758,994,1393,1415,794,816,953,1343,1430,683,688,905,1286,1542,651,655,862,1175,1475,656,660,825,1049,1323,657,661,820,1022,1304,665,669,825,1034,1313,633,637,847,1062,1340,589,593,788,1052,1086,588,592,792,1094,1246,545,569,675,995,1196,600,627,743,1095,1316,493,514,610,899,1080,380,495,584,788,808,434,566,668,902,925,440,573,677,914,937,426,556,656,886,908,415,541,639,863,884,385,502,593,801,821,371,483,570,770,789,360,469,554,752,772,312,359,436,562,637,312,359,436,562,637,303,349,424,546,620,295,340,413,532,604,292,337,409,527,598,292,409,527,598,288,333,404,520,590,282,326,396,509,578,279,322,391,503,571,187,294,340,472,476,192,303,349,485,275,331,387,480,536,269,323,378,469,524,260,313,366,454,507,254,305,357,443,494,249,299,349,434,483,246,295,344,428,476,240,287,335,416,463,235,281,327,407,453,235,281,327,407,449,226,271,316,394,435
Person,790,795,1031,1445,1483,718,722,949,1337,1365,636,640,843,1157,1162,589,593,780,1054,1058,571,574,757,1024,1027,545,549,723,969,979,457,534,707,943,956,449,537,687,926,942,445,525,676,882,954,457,499,648,804,914,453,490,663,826,950,461,499,675,841,968,442,478,647,806,927,533,534,644,769,882,524,526,634,757,868,519,521,628,750,860,504,505,609,727,834,485,487,587,701,804,456,457,551,658,754,438,439,530,633,726,426,427,515,615,705,312,359,467,610,715,312,359,467,610,715,303,349,455,593,695,295,340,443,578,677,292,337,439,572,670,292,439,572,670,288,333,433,565,661,282,326,424,553,647,279,322,419,547,640,226,314,413,539,631,233,323,424,555,249,301,353,444,497,243,294,345,434,486,235,285,334,420,470,229,278,326,409,458,224,272,319,400,448,221,268,315,395,442,215,261,307,384,430,210,255,300,375,420,243,293,340,418,464,233,282,328,405,451
Pitt,878,883,1096,1484,1840,925,931,1155,1570,1960,813,818,1015,1379,1729,730,734,910,1249,1558,700,704,873,1222,1512,616,620,775,1100,1361,607,611,774,1097,1281,592,595,758,1074,1233,622,626,790,1115,1315,579,583,742,1034,1261,530,533,689,934,1220,528,531,686,929,1215,541,545,704,954,1247,536,556,685,949,980,509,528,651,902,932,517,536,661,916,946,500,519,640,887,916,488,506,624,865,893,453,470,579,802,829,436,452,557,772,797,420,439,545,790,815,454,461,597,805,984,453,459,595,802,981,441,448,580,783,957,429,435,564,761,930,402,407,528,712,871,400,525,708,866,392,397,515,694,849,382,387,502,676,827,343,347,451,606,742,332,336,437,587,718,338,342,444,596,286,348,410,511,573,279,340,401,499,560,270,329,388,483,542,263,321,378,471,528,258,314,370,461,517,255,310,365,455,510,248,302,355,443,496,242,295,347,433,485,235,281,327,407,449,226,271,316,394,435
Polk ,836,841,1046,1335,1757,787,792,1004,1214,1586,757,762,924,1125,1345,710,713,823,1017,1195,626,630,768,955,1100,564,568,746,930,1050,597,601,795,996,1098,610,614,817,1024,1130,577,581,772,966,1077,547,551,737,915,1088,547,551,728,907,1210,483,486,642,800,1067,481,484,640,797,1064,483,484,594,743,766,544,545,669,836,862,551,553,678,848,874,534,535,657,821,847,520,522,640,800,825,485,486,596,745,768,466,467,573,716,739,453,454,557,696,718,404,513,574,729,828,404,513,574,729,828,390,495,554,703,799,295,374,419,532,604,292,370,415,527,598,292,415,527,598,288,365,410,520,590,282,357,401,509,578,279,353,396,503,571,266,348,390,489,549,273,358,402,503,270,330,388,487,543,264,322,379,476,531,256,312,367,460,514,250,304,358,448,501,245,298,350,438,490,230,277,325,406,446,224,270,316,395,434,219,264,309,386,424,219,264,309,386,422,210,254,298,373,409
Randolph ,999,1039,1150,1463,1646,1011,1042,1170,1493,1680,893,920,1039,1339,1502,810,836,952,1243,1424,722,750,859,1135,1289,686,728,838,1114,1288,612,661,769,1028,1201,625,692,806,1078,1294,578,655,763,1025,1228,538,637,741,1003,1185,518,594,704,957,1080,522,598,709,964,1087,516,591,701,953,1075,513,586,653,827,885,535,611,681,863,923,553,631,703,891,953,549,627,699,886,947,565,645,719,911,974,554,632,705,893,955,533,608,678,859,919,501,558,627,834,902,438,500,595,821,834,437,498,593,818,831,426,486,578,797,811,414,472,562,775,788,407,464,553,762,775,405,550,758,771,397,452,539,743,756,368,419,500,689,700,357,407,485,669,680,346,394,470,648,658,341,387,462,637,299,366,428,538,603,291,356,417,524,587,282,344,403,507,568,275,335,393,494,554,269,328,385,483,542,266,324,380,476,534,259,315,370,463,519,253,308,362,453,507,239,290,337,418,463,230,279,325,405,449
Richmond ,767,840,930,1303,1562,720,762,856,1206,1453,642,683,771,1096,1313,624,635,724,1020,1239,594,608,693,942,1117,573,587,671,882,1030,572,576,679,886,1008,558,562,683,902,1020,522,526,642,864,964,534,536,648,871,967,511,533,632,837,845,515,537,637,844,851,493,514,610,808,815,420,526,584,734,757,429,537,596,749,772,423,530,588,739,762,415,520,577,725,748,399,500,555,698,719,373,468,519,652,673,362,453,503,632,652,328,411,456,573,591,312,359,436,562,637,312,359,436,562,637,303,349,424,546,620,295,340,413,532,604,292,337,409,527,598,292,409,527,598,288,333,404,520,590,282,326,396,509,578,279,322,391,503,571,235,270,359,449,502,245,280,373,467,260,312,365,458,511,254,305,357,448,499,246,295,345,433,483,240,288,336,422,471,235,282,329,413,461,232,278,325,407,455,226,271,316,396,443,221,265,309,387,433,221,265,309,386,423,212,255,298,373,410
Robeson ,718,734,930,1182,1362,645,652,856,1081,1248,582,586,771,975,1105,547,550,724,919,1021,505,526,693,868,960,477,510,671,837,931,512,515,679,851,965,510,514,683,862,987,480,483,642,812,946,481,484,648,812,962,482,485,632,802,973,486,489,637,808,981,465,468,610,774,939,416,503,584,701,780,425,514,596,715,796,419,507,588,706,786,411,497,577,692,771,396,478,555,666,741,370,447,519,623,693,359,434,503,604,672,335,405,470,564,628,312,367,436,562,637,312,367,436,562,637,303,356,424,546,620,295,347,413,532,604,292,344,409,527,598,292,409,527,598,288,340,404,520,590,282,333,396,509,578,279,329,391,503,571,236,324,365,462,511,243,334,375,476,255,314,364,450,510,249,307,356,440,498,241,297,344,426,482,235,290,335,415,470,209,272,302,373,418,206,268,298,368,412,201,243,286,358,401,196,238,280,350,392,243,293,340,418,464,233,282,328,405,451
Rockingham,714,793,1041,1316,1499,633,719,934,1198,1360,545,631,815,1052,1247,581,585,755,991,1129,534,537,693,914,999,511,514,677,895,917,510,513,679,888,918,510,514,683,901,930,480,483,642,837,885,481,484,648,827,888,497,500,632,787,845,501,504,637,793,851,480,483,611,761,817,466,493,584,725,748,476,503,596,740,763,481,509,603,749,772,466,493,584,725,748,454,480,569,707,729,426,451,534,663,684,409,433,513,637,657,398,421,499,620,639,312,359,436,562,637,312,359,436,562,637,303,349,424,546,620,295,340,413,532,604,292,337,409,527,598,292,409,527,598,288,333,404,520,590,282,326,396,509,578,279,322,391,503,571,267,289,376,470,525,272,294,383,479,259,314,370,465,520,253,307,362,454,508,245,297,350,439,491,239,290,341,428,479,234,284,334,419,469,231,280,330,413,463,225,273,321,402,450,220,267,314,393,440,205,251,294,362,402,197,241,283,350,389
Rowan,1044,1050,1285,1691,2158,925,931,1121,1483,1702,800,805,980,1270,1388,707,712,874,1144,1185,715,724,891,1158,1208,653,681,842,1111,1141,621,673,838,1112,1133,579,619,785,1041,1069,550,554,699,913,986,527,531,684,885,1007,521,524,678,903,1041,511,514,665,885,1021,501,504,652,868,1001,552,597,663,946,1010,557,604,670,956,1021,565,612,679,969,1035,547,593,658,939,1003,533,578,641,915,977,513,555,616,879,939,493,533,592,845,902,597,647,719,913,1000,549,619,697,920,1101,547,617,695,917,1097,534,602,678,894,1070,519,585,659,869,1040,510,575,648,854,1023,434,551,726,870,426,480,540,712,853,415,468,526,694,831,403,454,511,674,807,390,440,495,653,781,400,452,508,670,319,385,453,566,633,311,375,441,551,616,301,363,427,533,596,294,354,416,519,581,288,347,407,508,568,284,342,401,501,560,276,333,390,487,545,270,326,381,476,533,270,326,377,467,515,260,315,365,454,502
Rutherford,803,807,930,1255,1442,733,737,856,1117,1367,643,646,771,975,1188,563,567,724,895,1060,522,526,693,862,993,506,509,671,842,1005,510,513,679,877,1031,545,549,683,900,1074,530,544,642,853,1032,603,629,733,983,1140,511,533,632,896,1052,515,537,637,903,1061,493,514,610,865,1016,475,478,584,699,720,531,533,652,780,804,539,542,662,792,816,522,524,641,767,790,509,511,625,748,771,475,477,583,698,719,456,458,560,670,690,443,445,544,651,671,386,440,535,689,782,386,440,535,689,782,372,425,516,665,755,298,340,413,532,604,295,337,409,527,598,295,409,527,598,291,333,404,520,590,285,326,396,509,578,282,322,391,503,571,278,287,360,450,504,280,289,363,454,270,330,388,487,543,264,322,379,476,531,256,312,367,460,514,250,304,358,448,501,245,298,350,438,490,230,277,325,406,446,224,270,316,395,434,219,264,309,386,424,219,264,309,386,422,210,254,298,373,409
Sampson,709,797,930,1131,1337,684,725,856,1074,1260,606,610,771,983,1172,547,550,724,930,1121,522,526,693,924,1113,509,512,671,925,1051,519,522,679,944,1036,541,544,683,943,1004,476,527,642,878,952,400,552,648,891,960,376,509,632,853,981,379,513,637,860,989,363,491,610,824,947,485,495,584,811,1028,495,505,596,828,1049,489,499,588,817,1035,479,489,577,801,1016,461,471,555,771,977,431,440,519,721,913,418,427,503,699,885,340,347,409,568,720,312,359,436,562,637,312,359,436,562,637,303,349,424,546,620,295,340,413,532,604,292,337,409,527,598,292,409,527,598,288,333,404,520,590,282,326,396,509,578,279,322,391,503,571,247,250,330,413,461,252,255,336,420,251,304,356,448,501,245,297,348,438,490,237,287,337,424,474,231,280,329,413,462,226,274,322,404,452,223,270,318,399,446,217,263,310,388,434,212,257,303,379,424,243,293,340,418,464,233,282,328,405,451
Scotland,788,793,930,1228,1233,706,711,856,1139,1140,582,586,771,978,1036,547,550,724,912,982,522,526,693,863,969,506,509,671,836,1013,523,526,696,872,1125,518,522,694,883,1145,481,485,644,830,948,489,492,659,853,975,487,490,663,848,886,471,475,642,821,858,457,460,622,795,831,494,495,628,763,951,485,486,616,748,933,492,493,625,759,946,477,478,606,736,917,464,466,590,717,893,431,432,548,666,830,415,416,527,640,798,403,404,512,622,775,312,359,436,562,637,312,359,436,562,637,303,349,424,546,620,295,340,413,532,604,292,337,409,527,598,292,409,527,598,288,333,404,520,590,282,326,396,509,578,279,322,391,503,571,198,298,362,484,506,204,307,372,497,230,279,331,413,464,225,273,323,404,453,218,264,313,391,438,213,258,305,381,427,209,253,299,373,418,206,250,295,368,412,201,243,287,358,401,196,238,281,350,392,195,238,281,347,388,187,229,271,335,375
Stanly,672,747,980,1342,1628,627,704,925,1244,1552,560,674,815,1097,1388,517,641,747,998,1256,571,574,693,941,1159,534,537,671,913,1063,531,535,679,927,1113,452,533,683,931,1148,424,496,642,873,1131,406,484,648,885,1131,376,480,632,873,1103,379,483,637,880,1112,365,465,613,847,1070,469,506,619,843,917,456,492,602,820,892,463,500,611,832,906,449,484,592,806,877,437,472,577,786,855,406,438,536,730,794,390,421,515,701,763,379,409,500,681,741,312,359,443,598,637,312,359,443,598,637,303,349,430,581,620,295,340,419,566,604,292,337,415,560,598,292,415,560,598,288,333,410,553,590,282,326,401,541,578,279,322,396,535,571,234,292,390,527,546,239,297,397,537,270,330,388,486,542,264,322,379,475,530,256,312,367,459,513,250,304,358,447,500,231,281,331,415,463,228,277,327,409,457,222,270,318,398,445,217,264,311,389,435,195,238,281,347,388,187,229,271,335,375
Stokes,945,992,1163,1526,1794,897,936,1110,1452,1671,774,805,969,1280,1486,623,664,808,1075,1249,624,670,825,1111,1322,580,617,763,1028,1256,558,583,729,985,1211,573,594,738,1002,1220,597,611,753,1038,1229,556,569,698,974,1105,540,561,687,991,1046,545,566,693,1000,1055,533,554,678,978,1032,468,533,618,842,990,491,559,648,883,1038,507,577,669,912,1072,505,575,666,908,1067,494,563,652,889,1045,485,552,640,872,1025,466,531,615,838,985,501,558,627,834,902,438,500,595,821,834,437,498,593,818,831,426,486,578,797,811,414,472,562,775,788,407,464,553,762,775,405,550,758,771,397,452,539,743,756,368,419,500,689,700,357,407,485,669,680,346,394,470,648,658,341,387,462,637,299,366,428,538,603,291,356,417,524,587,282,344,403,507,568,275,335,393,494,554,269,328,385,483,542,266,324,380,476,534,259,315,370,463,519,253,308,362,453,507,239,290,337,418,463,230,279,325,405,449
Surry,704,709,930,1120,1489,672,677,856,1045,1368,614,618,771,981,1226,583,587,724,946,1184,541,545,693,908,1123,510,514,671,877,1071,513,517,679,902,1103,534,538,683,939,1160,524,527,642,900,1131,564,583,685,978,1196,511,533,632,931,1119,515,537,637,939,1128,493,514,610,899,1080,436,525,584,780,802,445,536,596,796,819,439,529,588,786,808,431,519,577,771,793,415,499,555,741,763,388,467,519,693,713,376,452,503,672,691,333,401,446,596,613,312,359,436,562,637,312,359,436,562,637,303,349,424,546,620,295,340,413,532,604,292,337,409,527,598,292,409,527,598,288,333,404,520,590,282,326,396,509,578,279,322,391,503,571,237,285,331,458,499,242,290,337,466,246,297,349,437,491,240,290,341,427,480,232,281,330,413,464,226,274,322,403,452,221,268,315,394,442,218,265,311,389,436,212,258,303,379,424,207,252,296,370,414,239,290,337,418,463,230,279,325,405,449
Swain,757,762,930,1303,1398,652,656,856,1206,1305,617,621,771,1082,1209,575,579,724,986,1143,589,608,693,899,1111,573,589,671,845,1067,578,593,679,851,1177,578,595,683,856,1194,514,518,642,803,1131,530,533,648,804,1049,474,477,646,805,974,534,538,728,907,1098,543,546,739,920,1114,541,544,652,855,996,495,497,596,782,911,488,490,588,771,898,479,481,577,757,882,461,463,555,728,848,431,433,519,681,793,417,420,503,660,769,396,398,477,626,729,312,359,436,562,637,312,359,436,562,637,303,349,424,546,620,295,340,413,532,604,292,337,409,527,598,292,409,527,598,288,333,404,520,590,282,326,396,509,578,279,322,391,503,571,228,251,289,384,415,233,257,295,392,222,270,320,403,451,217,264,313,394,441,210,256,303,381,427,205,250,296,371,416,201,245,290,363,407,199,242,286,358,401,194,236,278,348,390,190,231,272,340,381,207,252,299,366,409,199,242,288,354,396
Transylvania,871,877,1150,1386,1729,853,858,1128,1364,1738,751,756,995,1211,1530,706,711,935,1156,1364,532,536,706,897,1054,567,570,681,867,976,593,594,696,902,941,606,622,716,943,975,540,567,654,894,1031,540,546,656,920,1032,495,498,652,868,872,491,495,647,862,865,494,498,651,867,870,431,600,664,838,884,495,688,762,962,1014,502,698,773,976,1029,478,665,736,929,980,462,643,712,899,948,342,476,527,665,701,329,458,507,640,675,320,445,493,622,656,360,386,488,647,690,360,386,488,647,690,350,375,474,628,671,341,365,462,612,654,338,361,457,606,648,338,457,606,648,334,356,451,598,640,313,334,423,561,600,309,330,418,555,593,305,325,412,547,584,314,335,423,562,280,344,405,506,567,274,336,396,494,554,265,325,383,478,536,259,317,373,466,522,254,310,365,456,511,251,306,360,450,504,244,298,350,438,490,239,291,342,428,479,207,252,299,366,409,199,242,288,354,396
Tyrrell,744,749,930,1303,1398,713,762,856,1206,1305,695,747,844,1157,1323,651,702,800,1072,1263,585,588,735,1016,1179,543,546,678,978,1079,547,551,679,982,1080,553,556,683,993,1080,519,522,642,935,1012,526,529,648,944,1020,511,533,632,809,951,515,537,637,816,959,493,514,610,781,918,380,495,584,788,808,434,566,668,902,925,440,573,677,914,937,426,556,656,886,908,415,541,639,863,884,385,502,593,801,821,371,483,570,770,789,360,469,554,752,772,312,359,436,562,637,312,359,436,562,637,303,349,424,546,620,295,340,413,532,604,292,337,409,527,598,292,409,527,598,288,333,404,520,590,282,326,396,509,578,279,322,391,503,571,168,229,305,383,428,173,236,314,394,275,331,387,480,536,269,323,378,469,524,260,313,366,454,507,254,305,357,443,494,249,299,349,434,483,246,295,344,428,476,240,287,335,416,463,235,281,327,407,453,235,281,327,407,449,226,271,316,394,435
Union,1586,1647,1824,2250,2852,1347,1384,1554,1936,2481,1154,1180,1333,1691,2183,996,1014,1155,1497,1942,987,1010,1151,1518,1956,907,934,1063,1423,1828,875,897,1028,1388,1779,777,838,967,1310,1681,703,784,907,1230,1560,653,745,864,1173,1469,636,701,831,1120,1389,622,686,813,1096,1359,607,669,793,1069,1326,657,713,791,997,1160,681,738,819,1032,1201,670,726,806,1016,1182,629,682,757,954,1110,615,667,740,932,1085,588,637,707,891,1036,565,613,680,857,997,597,647,719,913,1000,549,619,697,920,1101,547,617,695,917,1097,534,602,678,894,1070,519,585,659,869,1040,510,575,648,854,1023,434,551,726,870,426,480,540,712,853,415,468,526,694,831,403,454,511,674,807,390,440,495,653,781,400,452,508,670,319,385,453,566,633,311,375,441,551,616,301,363,427,533,596,294,354,416,519,581,288,347,407,508,568,284,342,401,501,560,276,333,390,487,545,270,326,381,476,533,270,326,377,467,515,260,315,365,454,502
Vance,774,779,1022,1250,1388,707,712,909,1125,1319,644,648,804,1040,1235,631,640,741,1006,1175,540,608,693,979,1113,469,589,671,947,1070,521,587,679,941,1025,497,571,683,914,1020,434,514,642,841,959,400,495,649,828,1016,391,486,657,818,958,394,489,662,824,965,399,495,670,834,977,541,543,653,782,806,494,495,596,714,736,492,493,593,710,732,478,479,577,691,713,464,465,560,671,692,431,432,520,623,642,417,418,503,603,621,403,404,486,582,600,330,373,436,562,637,330,373,436,562,637,320,362,424,546,620,312,353,413,532,604,309,350,409,527,598,309,409,527,598,305,346,404,520,590,299,339,396,509,578,296,335,391,503,571,292,330,370,466,519,297,336,377,475,249,301,353,444,497,243,294,345,434,486,235,285,334,420,470,229,278,326,409,458,224,272,319,400,448,221,268,315,395,442,215,261,307,384,430,210,255,300,375,420,203,247,287,359,394,195,237,276,347,381
Wake,1533,1592,1763,2192,2961,1427,1466,1646,2035,2711,1213,1250,1412,1733,2293,1038,1073,1223,1517,1982,1013,1053,1200,1509,1950,962,1022,1163,1482,1895,846,949,1086,1396,1764,741,893,1026,1327,1656,695,861,993,1294,1592,644,818,947,1228,1513,663,774,918,1189,1477,618,722,856,1108,1377,634,741,878,1137,1412,681,763,849,1067,1105,695,779,867,1090,1129,687,770,856,1076,1115,638,715,795,999,1035,639,717,797,1002,1038,682,764,850,1068,1107,655,734,817,1027,1064,574,701,779,995,1076,561,680,799,1073,1264,559,678,796,1069,1260,545,662,777,1042,1230,530,643,755,1013,1195,456,553,649,871,1027,453,645,866,1021,444,539,633,849,1001,433,525,617,827,975,420,510,599,803,947,371,450,529,709,836,381,462,543,728,344,418,494,617,691,335,407,481,601,673,324,394,465,581,651,316,384,453,566,634,309,376,443,554,620,305,371,437,546,611,297,361,425,531,594,290,353,415,519,581,271,327,385,473,524,261,316,372,460,511
Warren,704,709,930,1127,1233,647,651,856,1084,1182,584,588,771,987,1313,555,558,724,946,1239,522,526,693,897,1200,530,534,671,907,1178,436,551,679,971,1193,436,517,683,988,1144,407,483,642,932,1090,400,484,648,944,1131,392,480,632,931,1119,396,484,637,939,1128,379,464,610,899,1080,486,487,584,714,734,498,500,599,732,753,505,506,607,742,763,489,490,588,719,739,477,478,573,700,720,441,442,530,648,666,423,425,509,622,640,412,413,495,605,622,312,359,436,562,637,312,359,436,562,637,303,349,424,546,620,295,340,413,532,604,292,337,409,527,598,292,409,527,598,288,333,404,520,590,282,326,396,509,578,279,322,391,503,571,170,233,310,388,434,175,240,319,399,249,301,353,444,497,243,294,345,434,486,235,285,334,420,470,229,278,326,409,458,224,272,319,400,448,221,268,315,395,442,215,261,307,384,430,210,255,300,375,420,263,316,369,454,505,253,305,357,440,491
Washington,704,709,930,1168,1377,647,651,856,1035,1353,617,621,771,1000,1313,575,579,724,980,1239,551,555,693,992,1200,506,509,671,968,1178,537,541,715,1001,1256,558,562,747,963,1316,582,586,720,901,1189,541,544,666,826,1163,655,659,824,1181,1391,507,510,637,913,1076,485,488,610,874,1030,380,512,584,701,719,409,552,629,755,775,415,560,638,766,786,402,542,618,742,761,392,528,602,722,742,363,489,558,670,687,349,470,536,643,660,339,457,521,625,642,312,359,436,562,637,312,359,436,562,637,303,349,424,546,620,295,340,413,532,604,292,337,409,527,598,292,409,527,598,288,333,404,520,590,282,326,396,509,578,279,322,391,503,571,234,237,316,437,443,241,244,326,449,275,331,387,480,536,269,323,378,469,524,260,313,366,454,507,254,305,357,443,494,249,299,349,434,483,246,295,344,428,476,240,287,335,416,463,235,281,327,407,453,235,281,327,407,449,226,271,316,394,435
Watauga,874,1004,1274,1555,2139,777,906,1140,1392,1935,720,845,1040,1320,1631,665,741,913,1180,1441,609,660,826,1084,1120,591,677,865,1141,1174,587,706,914,1232,1288,590,705,925,1255,1354,563,672,887,1228,1244,538,675,872,1191,1195,502,656,844,1183,1377,480,627,807,1132,1317,480,627,806,1130,1315,508,621,781,950,1226,488,595,749,911,1176,495,604,760,924,1193,480,586,737,896,1157,467,571,718,873,1127,433,529,665,809,1044,416,508,639,777,1003,404,494,621,755,975,406,488,617,839,1012,406,488,617,839,1012,395,474,599,816,983,385,462,584,795,958,381,457,578,787,949,381,578,787,949,376,451,571,777,937,368,442,559,761,917,364,437,553,752,906,359,431,545,741,893,310,372,470,639,368,444,520,651,714,360,434,508,636,698,348,420,491,615,675,339,409,479,599,658,332,400,469,586,644,328,395,463,578,635,224,270,316,395,434,219,264,309,386,424,219,264,309,386,422,210,254,298,373,409
Wayne,897,902,1184,1456,1918,826,831,1092,1358,1824,693,697,918,1148,1564,641,645,849,1049,1429,623,628,827,1029,1395,612,617,812,1012,1361,565,569,753,964,1257,565,568,756,987,1239,502,505,671,900,1078,554,557,746,1001,1150,452,471,637,830,1015,490,511,691,901,1101,433,452,611,797,974,449,533,624,781,1044,441,524,613,767,1026,448,531,622,779,1041,434,515,603,755,1009,423,501,587,735,982,392,465,544,681,910,377,447,523,655,875,366,434,508,636,850,367,423,513,661,774,366,422,511,659,771,357,412,499,643,751,347,400,485,625,730,308,355,431,555,648,306,429,552,644,300,346,421,541,632,292,337,410,527,616,284,327,398,512,598,194,293,353,490,579,199,300,362,503,251,304,356,448,501,245,297,348,438,490,237,287,337,424,474,231,280,329,413,462,226,274,322,404,452,223,270,318,399,446,217,263,310,388,434,212,257,303,379,424,235,281,327,407,449,226,271,316,394,435
Wilkes,780,807,930,1244,1386,713,745,856,1139,1274,635,662,771,1033,1152,589,610,724,998,1127,539,543,693,992,1120,506,509,671,957,1093,510,513,679,944,1101,544,547,683,914,1111,530,549,642,848,1061,479,560,648,847,1094,474,533,632,787,1055,478,537,637,793,1064,458,514,610,760,1019,427,489,584,749,780,436,499,596,765,796,430,493,588,754,786,422,484,577,740,771,406,465,555,712,741,380,435,519,666,693,368,422,503,645,672,334,382,456,585,609,353,399,449,621,697,353,399,449,621,697,344,388,436,603,677,335,378,425,588,660,332,374,421,582,654,332,421,582,654,328,369,416,575,646,321,361,407,563,632,317,357,402,557,625,312,352,396,549,616,263,298,335,464,309,371,436,546,598,302,363,426,534,584,292,351,412,516,565,285,342,402,503,551,279,335,393,492,539,275,331,388,485,532,224,270,316,395,434,219,264,309,386,424,219,264,309,386,422,210,254,298,373,409
Wilson,795,800,1006,1304,1495,645,767,952,1213,1327,554,669,829,1045,1119,595,680,823,1029,1116,661,682,778,998,1055,638,657,748,980,1013,621,638,730,983,987,645,661,762,1034,1038,632,636,770,1058,1061,537,540,723,984,991,457,528,715,951,956,514,594,803,1068,1073,450,520,703,935,939,607,608,738,883,937,553,554,672,804,853,561,562,682,816,865,544,545,661,791,839,530,531,644,771,817,491,492,597,715,758,472,473,574,687,728,459,460,558,668,708,325,359,442,562,637,325,359,442,562,637,316,349,429,546,620,308,340,418,532,604,305,337,414,527,598,305,414,527,598,301,333,409,520,590,295,326,400,509,578,292,322,395,503,571,288,292,389,488,548,296,301,401,502,274,336,395,495,554,268,328,386,484,541,259,317,373,468,523,253,309,364,456,510,248,303,356,446,499,245,299,351,440,492,239,291,342,428,479,234,284,334,418,468,203,247,287,359,394,195,237,276,347,381
Yadkin,945,992,1163,1526,1794,897,936,1110,1452,1671,774,805,969,1280,1486,623,664,808,1075,1249,624,670,825,1111,1322,580,617,763,1028,1256,558,583,729,985,1211,573,594,738,1002,1220,597,611,753,1038,1229,556,569,698,974,1105,540,561,687,991,1046,545,566,693,1000,1055,533,554,678,978,1032,468,533,618,842,990,491,559,648,883,1038,507,577,669,912,1072,505,575,666,908,1067,494,563,652,889,1045,485,552,640,872,1025,466,531,615,838,985,501,558,627,834,902,438,500,595,821,834,437,498,593,818,831,426,486,578,797,811,414,472,562,775,788,407,464,553,762,775,405,550,758,771,397,452,539,743,756,368,419,500,689,700,357,407,485,669,680,346,394,470,648,658,341,387,462,637,299,366,428,538,603,291,356,417,524,587,282,344,403,507,568,275,335,393,494,554,269,328,385,483,542,266,324,380,476,534,259,315,370,463,519,253,308,362,453,507,239,290,337,418,463,230,279,325,405,449
Yancey,704,709,930,1228,1233,647,651,856,1136,1140,555,593,771,1055,1148,528,566,724,977,1154,505,550,693,918,1062,514,517,671,886,1067,512,516,682,916,1085,535,538,716,966,1132,504,508,675,945,1065,524,527,671,958,1056,474,477,632,795,845,478,481,637,801,851,458,461,610,767,815,484,485,584,697,718,493,495,596,712,733,487,489,588,702,723,478,479,577,689,710,460,461,555,663,683,430,431,519,620,638,416,418,503,601,619,367,368,443,529,545,312,366,436,562,658,312,366,436,562,658,303,355,424,546,639,295,346,413,532,623,292,343,409,527,617,292,409,527,617,288,339,404,520,609,282,332,396,509,596,279,328,391,503,589,199,323,362,494,581,170,275,309,421,288,347,408,509,560,281,339,399,497,547,272,328,386,481,529,265,320,376,469,516,260,313,368,459,505,257,309,363,453,498,224,270,316,395,434,219,264,309,386,424,219,264,309,386,422,210,254,298,373,409